rand__0    209.268807 12.13201 3600 C  1000 999 999 
rand__1    163.375552 27.15426 3600 C  1000 999 999 
rand__2    118.691201 -12.80452 3600 C  1000 999 999 
rand__3    305.673050 3.36775 3600 C  1000 999 999 
rand__4    270.098624 63.64040 3600 C  1000 999 999 
rand__5    232.562828 46.74433 3600 C  1000 999 999 
rand__6    121.010534 26.54197 3600 C  1000 999 999 
rand__7    7.840179 50.44010 3600 C  1000 999 999 
rand__8    33.066661 -14.99815 3600 C  1000 999 999 
rand__9    40.233918 5.11912 3600 C  1000 999 999 
rand__10   100.559929 -6.77431 3600 C  1000 999 999 
rand__11   317.257664 -0.80303 3600 C  1000 999 999 
rand__12   162.300804 67.91949 3600 C  1000 999 999 
rand__13   241.973779 50.89753 3600 C  1000 999 999 
rand__14   358.723364 -4.29909 3600 C  1000 999 999 
rand__15   354.231718 30.15884 3600 C  1000 999 999 
rand__16   356.671502 79.89303 3600 C  1000 999 999 
rand__17   167.698335 -8.48429 3600 C  1000 999 999 
rand__18   178.995327 79.80700 3600 C  1000 999 999 
rand__19   222.478625 50.01839 3600 C  1000 999 999 
rand__20   215.546377 34.97775 3600 C  1000 999 999 
rand__21   180.799798 -4.14680 3600 C  1000 999 999 
rand__22   162.343265 36.79836 3600 C  1000 999 999 
rand__23   134.798722 15.15768 3600 C  1000 999 999 
rand__24   211.020903 78.97874 3600 C  1000 999 999 
rand__25   340.904473 45.59230 3600 C  1000 999 999 
rand__26   178.737756 43.92493 3600 C  1000 999 999 
rand__27   8.672870 15.56845 3600 C  1000 999 999 
rand__28   65.391590 -6.29621 3600 C  1000 999 999 
rand__29   201.947769 1.07077 3600 C  1000 999 999 
rand__30   62.337822 40.97363 3600 C  1000 999 999 
rand__31   108.369605 69.72282 3600 C  1000 999 999 
rand__32   137.517826 3.25202 3600 C  1000 999 999 
rand__33   47.448936 39.96596 3600 C  1000 999 999 
rand__34   302.910384 44.62132 3600 C  1000 999 999 
rand__35   172.624855 52.19973 3600 C  1000 999 999 
rand__36   355.218487 16.18251 3600 C  1000 999 999 
rand__37   295.075968 28.40581 3600 C  1000 999 999 
rand__38   329.992037 39.80197 3600 C  1000 999 999 
rand__39   182.670056 21.16619 3600 C  1000 999 999 
rand__40   229.144224 43.84391 3600 C  1000 999 999 
rand__41   280.424174 14.72157 3600 C  1000 999 999 
rand__42   297.367056 16.48216 3600 C  1000 999 999 
rand__43   109.732622 59.99123 3600 C  1000 999 999 
rand__44   249.583263 -1.16658 3600 C  1000 999 999 
rand__45   44.970721 52.39384 3600 C  1000 999 999 
rand__46   80.056151 40.93995 3600 C  1000 999 999 
rand__47   340.475025 58.49202 3600 C  1000 999 999 
rand__48   236.428632 73.95570 3600 C  1000 999 999 
rand__49   189.255173 4.26032 3600 C  1000 999 999 
rand__50   257.465332 30.45847 3600 C  1000 999 999 
rand__51   245.734872 38.18130 3600 C  1000 999 999 
rand__52   278.422255 56.33988 3600 C  1000 999 999 
rand__53   148.770737 69.94001 3600 C  1000 999 999 
rand__54   165.208782 51.48927 3600 C  1000 999 999 
rand__55   157.690462 43.03967 3600 C  1000 999 999 
rand__56   315.225734 -10.13577 3600 C  1000 999 999 
rand__57   58.089468 12.73255 3600 C  1000 999 999 
rand__58   308.530147 34.65783 3600 C  1000 999 999 
rand__59   145.068249 19.38213 3600 C  1000 999 999 
rand__60   123.087770 19.87521 3600 C  1000 999 999 
rand__61   268.388872 41.29957 3600 C  1000 999 999 
rand__62   245.806906 60.17028 3600 C  1000 999 999 
rand__63   204.800373 16.21772 3600 C  1000 999 999 
rand__64   169.417108 -14.46877 3600 C  1000 999 999 
rand__65   121.366238 79.13214 3600 C  1000 999 999 
rand__66   154.548104 50.27748 3600 C  1000 999 999 
rand__67   2.626998 29.64213 3600 C  1000 999 999 
rand__68   285.341707 14.03395 3600 C  1000 999 999 
rand__69   251.252747 -7.95012 3600 C  1000 999 999 
rand__70   59.133415 -5.28818 3600 C  1000 999 999 
rand__71   33.981951 29.17485 3600 C  1000 999 999 
rand__72   62.927648 42.62453 3600 C  1000 999 999 
rand__73   310.897298 63.24036 3600 C  1000 999 999 
rand__74   72.533128 38.55985 3600 C  1000 999 999 
rand__75   359.268112 58.36062 3600 C  1000 999 999 
rand__76   295.535638 -1.58511 3600 C  1000 999 999 
rand__77   74.437347 -13.07199 3600 C  1000 999 999 
rand__78   280.221955 -13.82589 3600 C  1000 999 999 
rand__79   165.284251 9.43716 3600 C  1000 999 999 
rand__80   57.733563 51.53771 3600 C  1000 999 999 
rand__81   278.178552 14.88050 3600 C  1000 999 999 
rand__82   321.370386 55.92390 3600 C  1000 999 999 
rand__83   337.568097 37.18735 3600 C  1000 999 999 
rand__84   99.737616 34.36740 3600 C  1000 999 999 
rand__85   32.756280 17.41752 3600 C  1000 999 999 
rand__86   58.888703 61.47911 3600 C  1000 999 999 
rand__87   30.215242 21.22478 3600 C  1000 999 999 
rand__88   237.114998 7.83730 3600 C  1000 999 999 
rand__89   146.837107 61.15341 3600 C  1000 999 999 
rand__90   137.517189 7.81386 3600 C  1000 999 999 
rand__91   170.371686 5.38052 3600 C  1000 999 999 
rand__92   70.812761 9.71892 3600 C  1000 999 999 
rand__93   43.550103 49.66755 3600 C  1000 999 999 
rand__94   178.165458 40.04382 3600 C  1000 999 999 
rand__95   248.878298 51.89410 3600 C  1000 999 999 
rand__96   322.631009 -4.56245 3600 C  1000 999 999 
rand__97   83.661866 -1.39516 3600 C  1000 999 999 
rand__98   96.487294 -13.71309 3600 C  1000 999 999 
rand__99   215.734851 38.29482 3600 C  1000 999 999 
rand__100  214.449267 7.05981 3600 C  1000 999 999 
rand__101  194.964416 74.82167 3600 C  1000 999 999 
rand__102  63.255492 30.71117 3600 C  1000 999 999 
rand__103  15.799605 9.67884 3600 C  1000 999 999 
rand__104  24.686620 41.37741 3600 C  1000 999 999 
rand__105  319.244047 33.01324 3600 C  1000 999 999 
rand__106  15.206555 -11.07484 3600 C  1000 999 999 
rand__107  61.942006 35.31086 3600 C  1000 999 999 
rand__108  174.109302 29.86269 3600 C  1000 999 999 
rand__109  190.350204 18.04848 3600 C  1000 999 999 
rand__110  19.635951 22.52283 3600 C  1000 999 999 
rand__111  346.860423 44.85017 3600 C  1000 999 999 
rand__112  238.420579 18.84861 3600 C  1000 999 999 
rand__113  337.244788 13.46449 3600 C  1000 999 999 
rand__114  140.645650 13.82401 3600 C  1000 999 999 
rand__115  66.842183 13.73264 3600 C  1000 999 999 
rand__116  56.202509 74.03861 3600 C  1000 999 999 
rand__117  118.184954 58.94091 3600 C  1000 999 999 
rand__118  65.477213 74.08997 3600 C  1000 999 999 
rand__119  281.466617 23.47327 3600 C  1000 999 999 
rand__120  246.459319 20.98636 3600 C  1000 999 999 
rand__121  223.301146 36.78059 3600 C  1000 999 999 
rand__122  246.130411 -13.92290 3600 C  1000 999 999 
rand__123  159.418019 -11.45616 3600 C  1000 999 999 
rand__124  345.387151 -10.31643 3600 C  1000 999 999 
rand__125  42.454798 66.80164 3600 C  1000 999 999 
rand__126  345.727206 14.59056 3600 C  1000 999 999 
rand__127  189.192851 14.27572 3600 C  1000 999 999 
rand__128  316.434181 -5.01629 3600 C  1000 999 999 
rand__129  352.879402 18.42460 3600 C  1000 999 999 
rand__130  329.380995 15.98909 3600 C  1000 999 999 
rand__131  201.387353 69.04950 3600 C  1000 999 999 
rand__132  80.448827 1.83507 3600 C  1000 999 999 
rand__133  110.395945 29.04464 3600 C  1000 999 999 
rand__134  185.751270 -1.74836 3600 C  1000 999 999 
rand__135  80.191777 26.13946 3600 C  1000 999 999 
rand__136  8.672037 32.64550 3600 C  1000 999 999 
rand__137  274.104549 31.42003 3600 C  1000 999 999 
rand__138  150.823659 31.18332 3600 C  1000 999 999 
rand__139  111.968086 -2.61337 3600 C  1000 999 999 
rand__140  170.186646 41.15196 3600 C  1000 999 999 
rand__141  330.301256 9.09268 3600 C  1000 999 999 
rand__142  94.260248 30.29372 3600 C  1000 999 999 
rand__143  289.360187 48.24979 3600 C  1000 999 999 
rand__144  16.648983 22.94496 3600 C  1000 999 999 
rand__145  182.007292 44.45334 3600 C  1000 999 999 
rand__146  175.732254 -2.53722 3600 C  1000 999 999 
rand__147  278.090145 30.15063 3600 C  1000 999 999 
rand__148  171.288978 29.23758 3600 C  1000 999 999 
rand__149  72.977148 -3.86955 3600 C  1000 999 999 
rand__150  226.454444 -4.51165 3600 C  1000 999 999 
rand__151  271.469819 19.67568 3600 C  1000 999 999 
rand__152  345.713197 -4.41168 3600 C  1000 999 999 
rand__153  314.242262 64.89904 3600 C  1000 999 999 
rand__154  130.041445 52.52262 3600 C  1000 999 999 
rand__155  68.297668 79.66873 3600 C  1000 999 999 
rand__156  353.127237 58.39242 3600 C  1000 999 999 
rand__157  359.988225 67.77831 3600 C  1000 999 999 
rand__158  10.572544 -1.96823 3600 C  1000 999 999 
rand__159  122.789794 74.29977 3600 C  1000 999 999 
rand__160  350.295691 70.75531 3600 C  1000 999 999 
rand__161  271.625383 38.76742 3600 C  1000 999 999 
rand__162  322.770759 63.62135 3600 C  1000 999 999 
rand__163  159.883118 -0.92188 3600 C  1000 999 999 
rand__164  289.435150 9.18652 3600 C  1000 999 999 
rand__165  311.407591 17.16207 3600 C  1000 999 999 
rand__166  305.924038 42.26464 3600 C  1000 999 999 
rand__167  73.409042 -13.59721 3600 C  1000 999 999 
rand__168  351.760759 75.57903 3600 C  1000 999 999 
rand__169  40.134461 60.56341 3600 C  1000 999 999 
rand__170  190.479883 55.02862 3600 C  1000 999 999 
rand__171  210.842521 6.20199 3600 C  1000 999 999 
rand__172  259.960038 10.41474 3600 C  1000 999 999 
rand__173  16.769053 22.32656 3600 C  1000 999 999 
rand__174  220.839732 -1.96127 3600 C  1000 999 999 
rand__175  55.126127 68.49525 3600 C  1000 999 999 
rand__176  259.560366 45.86293 3600 C  1000 999 999 
rand__177  142.413035 59.76528 3600 C  1000 999 999 
rand__178  100.170989 -1.26935 3600 C  1000 999 999 
rand__179  76.730038 65.04894 3600 C  1000 999 999 
rand__180  291.797391 -12.04165 3600 C  1000 999 999 
rand__181  287.465379 9.05609 3600 C  1000 999 999 
rand__182  292.433183 -10.80515 3600 C  1000 999 999 
rand__183  122.464341 53.02055 3600 C  1000 999 999 
rand__184  13.974287 79.79220 3600 C  1000 999 999 
rand__185  230.767229 13.40360 3600 C  1000 999 999 
rand__186  190.831359 60.07678 3600 C  1000 999 999 
rand__187  125.585357 23.78289 3600 C  1000 999 999 
rand__188  92.009156 15.91055 3600 C  1000 999 999 
rand__189  9.351268 20.90606 3600 C  1000 999 999 
rand__190  254.679544 2.48033 3600 C  1000 999 999 
rand__191  192.520208 -14.92287 3600 C  1000 999 999 
rand__192  98.540719 8.24284 3600 C  1000 999 999 
rand__193  146.624576 31.14278 3600 C  1000 999 999 
rand__194  114.500959 63.96292 3600 C  1000 999 999 
rand__195  35.455959 41.55724 3600 C  1000 999 999 
rand__196  343.587800 38.20557 3600 C  1000 999 999 
rand__197  105.276095 24.20824 3600 C  1000 999 999 
rand__198  13.213978 77.45622 3600 C  1000 999 999 
rand__199  343.579688 43.46893 3600 C  1000 999 999 
rand__200  314.584989 76.74712 3600 C  1000 999 999 
rand__201  169.252344 34.19359 3600 C  1000 999 999 
rand__202  272.988528 8.11036 3600 C  1000 999 999 
rand__203  200.436857 34.62649 3600 C  1000 999 999 
rand__204  349.426328 75.89984 3600 C  1000 999 999 
rand__205  38.926371 64.05440 3600 C  1000 999 999 
rand__206  146.539820 16.54037 3600 C  1000 999 999 
rand__207  203.612167 20.44042 3600 C  1000 999 999 
rand__208  102.949449 0.98451 3600 C  1000 999 999 
rand__209  79.724746 37.45775 3600 C  1000 999 999 
rand__210  75.331726 53.26538 3600 C  1000 999 999 
rand__211  297.632091 39.41604 3600 C  1000 999 999 
rand__212  3.670171 23.44395 3600 C  1000 999 999 
rand__213  184.658016 19.72786 3600 C  1000 999 999 
rand__214  334.239452 0.75507 3600 C  1000 999 999 
rand__215  139.137563 -0.92647 3600 C  1000 999 999 
rand__216  338.051312 46.02603 3600 C  1000 999 999 
rand__217  38.110012 23.87565 3600 C  1000 999 999 
rand__218  204.561489 68.29094 3600 C  1000 999 999 
rand__219  77.329568 22.40078 3600 C  1000 999 999 
rand__220  62.827428 30.97814 3600 C  1000 999 999 
rand__221  130.575670 -8.32145 3600 C  1000 999 999 
rand__222  259.778822 -4.41857 3600 C  1000 999 999 
rand__223  254.711948 39.10470 3600 C  1000 999 999 
rand__224  258.178480 -7.32604 3600 C  1000 999 999 
rand__225  317.957985 2.69509 3600 C  1000 999 999 
rand__226  51.552135 52.45162 3600 C  1000 999 999 
rand__227  61.172143 39.96876 3600 C  1000 999 999 
rand__228  56.861384 48.85483 3600 C  1000 999 999 
rand__229  221.866946 50.58472 3600 C  1000 999 999 
rand__230  330.092460 -5.23089 3600 C  1000 999 999 
rand__231  245.750651 -11.80018 3600 C  1000 999 999 
rand__232  55.909405 68.49393 3600 C  1000 999 999 
rand__233  14.818342 -7.66019 3600 C  1000 999 999 
rand__234  313.275107 2.74962 3600 C  1000 999 999 
rand__235  204.144912 73.87963 3600 C  1000 999 999 
rand__236  321.488848 34.78989 3600 C  1000 999 999 
rand__237  31.405203 49.00641 3600 C  1000 999 999 
rand__238  270.722521 28.01245 3600 C  1000 999 999 
rand__239  141.390660 9.04624 3600 C  1000 999 999 
rand__240  305.698098 -12.33658 3600 C  1000 999 999 
rand__241  166.280957 21.43257 3600 C  1000 999 999 
rand__242  161.553815 59.01309 3600 C  1000 999 999 
rand__243  207.555647 30.60612 3600 C  1000 999 999 
rand__244  237.091188 26.68029 3600 C  1000 999 999 
rand__245  347.717454 38.11301 3600 C  1000 999 999 
rand__246  340.664437 64.43226 3600 C  1000 999 999 
rand__247  83.100464 59.11001 3600 C  1000 999 999 
rand__248  48.443004 63.48752 3600 C  1000 999 999 
rand__249  154.289661 66.28946 3600 C  1000 999 999 
rand__250  336.391170 -14.26709 3600 C  1000 999 999 
rand__251  242.383605 32.72569 3600 C  1000 999 999 
rand__252  183.588631 12.86253 3600 C  1000 999 999 
rand__253  276.464146 20.13377 3600 C  1000 999 999 
rand__254  89.528621 -12.74958 3600 C  1000 999 999 
rand__255  332.385126 50.40601 3600 C  1000 999 999 
rand__256  103.212543 -10.53202 3600 C  1000 999 999 
rand__257  238.158647 50.10811 3600 C  1000 999 999 
rand__258  166.913401 52.86611 3600 C  1000 999 999 
rand__259  358.814846 70.76032 3600 C  1000 999 999 
rand__260  58.682664 -14.55431 3600 C  1000 999 999 
rand__261  50.981014 49.61731 3600 C  1000 999 999 
rand__262  16.482996 55.45160 3600 C  1000 999 999 
rand__263  40.091099 -5.18918 3600 C  1000 999 999 
rand__264  356.663051 27.32877 3600 C  1000 999 999 
rand__265  261.359852 7.91805 3600 C  1000 999 999 
rand__266  204.148366 -4.46404 3600 C  1000 999 999 
rand__267  344.514397 79.40208 3600 C  1000 999 999 
rand__268  67.119292 56.61174 3600 C  1000 999 999 
rand__269  180.325023 19.84495 3600 C  1000 999 999 
rand__270  294.560238 41.80719 3600 C  1000 999 999 
rand__271  157.944081 -10.87694 3600 C  1000 999 999 
rand__272  221.323718 50.96193 3600 C  1000 999 999 
rand__273  123.779439 30.69537 3600 C  1000 999 999 
rand__274  44.140979 40.60686 3600 C  1000 999 999 
rand__275  4.801360 18.82804 3600 C  1000 999 999 
rand__276  273.335035 14.04791 3600 C  1000 999 999 
rand__277  331.187400 -7.18782 3600 C  1000 999 999 
rand__278  146.022200 78.24466 3600 C  1000 999 999 
rand__279  169.105770 21.10291 3600 C  1000 999 999 
rand__280  190.919851 59.61528 3600 C  1000 999 999 
rand__281  254.725876 17.85515 3600 C  1000 999 999 
rand__282  77.836579 -7.81872 3600 C  1000 999 999 
rand__283  296.762748 -9.71895 3600 C  1000 999 999 
rand__284  137.916188 8.33015 3600 C  1000 999 999 
rand__285  176.757354 27.42265 3600 C  1000 999 999 
rand__286  178.585518 -1.08162 3600 C  1000 999 999 
rand__287  347.959989 -3.93938 3600 C  1000 999 999 
rand__288  45.321615 14.64168 3600 C  1000 999 999 
rand__289  188.529847 40.15527 3600 C  1000 999 999 
rand__290  323.813568 76.15595 3600 C  1000 999 999 
rand__291  214.736964 44.08489 3600 C  1000 999 999 
rand__292  336.953776 45.65929 3600 C  1000 999 999 
rand__293  60.344481 5.27078 3600 C  1000 999 999 
rand__294  181.421304 12.67558 3600 C  1000 999 999 
rand__295  180.805183 39.34634 3600 C  1000 999 999 
rand__296  76.738331 32.18047 3600 C  1000 999 999 
rand__297  73.120985 19.25217 3600 C  1000 999 999 
rand__298  261.258430 31.84555 3600 C  1000 999 999 
rand__299  120.750736 69.21554 3600 C  1000 999 999 
rand__300  356.949987 37.18007 3600 C  1000 999 999 
rand__301  216.581275 53.47375 3600 C  1000 999 999 
rand__302  49.133921 64.61792 3600 C  1000 999 999 
rand__303  102.356821 66.03750 3600 C  1000 999 999 
rand__304  208.517177 34.10855 3600 C  1000 999 999 
rand__305  329.401802 36.85262 3600 C  1000 999 999 
rand__306  101.499829 70.22539 3600 C  1000 999 999 
rand__307  178.255035 24.06567 3600 C  1000 999 999 
rand__308  89.511317 56.68915 3600 C  1000 999 999 
rand__309  354.651185 79.43001 3600 C  1000 999 999 
rand__310  7.603396 68.66241 3600 C  1000 999 999 
rand__311  60.156450 74.98575 3600 C  1000 999 999 
rand__312  308.368195 -2.69442 3600 C  1000 999 999 
rand__313  147.458729 32.59917 3600 C  1000 999 999 
rand__314  195.900513 -7.61410 3600 C  1000 999 999 
rand__315  304.570030 45.02678 3600 C  1000 999 999 
rand__316  348.993743 32.07590 3600 C  1000 999 999 
rand__317  55.794184 71.67909 3600 C  1000 999 999 
rand__318  320.323507 37.76406 3600 C  1000 999 999 
rand__319  101.604836 64.32932 3600 C  1000 999 999 
rand__320  356.913111 28.48104 3600 C  1000 999 999 
rand__321  62.387118 28.14026 3600 C  1000 999 999 
rand__322  51.538820 -9.55849 3600 C  1000 999 999 
rand__323  313.770587 10.66386 3600 C  1000 999 999 
rand__324  159.370107 28.35426 3600 C  1000 999 999 
rand__325  345.033226 29.06787 3600 C  1000 999 999 
rand__326  281.953385 16.89403 3600 C  1000 999 999 
rand__327  329.135863 6.65106 3600 C  1000 999 999 
rand__328  78.205839 35.50056 3600 C  1000 999 999 
rand__329  295.567304 61.27806 3600 C  1000 999 999 
rand__330  313.508755 10.07142 3600 C  1000 999 999 
rand__331  3.762170 -7.27453 3600 C  1000 999 999 
rand__332  78.145816 68.21438 3600 C  1000 999 999 
rand__333  136.419133 50.91752 3600 C  1000 999 999 
rand__334  106.365127 39.92432 3600 C  1000 999 999 
rand__335  86.035105 61.44072 3600 C  1000 999 999 
rand__336  137.165506 9.01331 3600 C  1000 999 999 
rand__337  238.720069 70.95632 3600 C  1000 999 999 
rand__338  231.517407 79.78921 3600 C  1000 999 999 
rand__339  128.054657 -10.71812 3600 C  1000 999 999 
rand__340  345.974119 23.21147 3600 C  1000 999 999 
rand__341  255.355710 75.36190 3600 C  1000 999 999 
rand__342  191.717052 45.11347 3600 C  1000 999 999 
rand__343  358.371455 9.43100 3600 C  1000 999 999 
rand__344  291.984287 11.93586 3600 C  1000 999 999 
rand__345  217.900485 47.41956 3600 C  1000 999 999 
rand__346  45.214256 52.45673 3600 C  1000 999 999 
rand__347  151.383415 53.95548 3600 C  1000 999 999 
rand__348  285.048168 -3.93139 3600 C  1000 999 999 
rand__349  223.744346 9.40144 3600 C  1000 999 999 
rand__350  201.712679 15.93521 3600 C  1000 999 999 
rand__351  318.845149 76.64328 3600 C  1000 999 999 
rand__352  207.646161 61.37785 3600 C  1000 999 999 
rand__353  203.619238 -1.23181 3600 C  1000 999 999 
rand__354  83.949818 24.94190 3600 C  1000 999 999 
rand__355  69.440072 46.40775 3600 C  1000 999 999 
rand__356  62.547617 6.61804 3600 C  1000 999 999 
rand__357  172.431307 55.51368 3600 C  1000 999 999 
rand__358  243.010656 49.58982 3600 C  1000 999 999 
rand__359  121.415222 34.07424 3600 C  1000 999 999 
rand__360  194.776637 -1.44419 3600 C  1000 999 999 
rand__361  195.619099 64.19283 3600 C  1000 999 999 
rand__362  273.689868 71.75051 3600 C  1000 999 999 
rand__363  144.582708 1.97404 3600 C  1000 999 999 
rand__364  54.094098 25.09745 3600 C  1000 999 999 
rand__365  265.198788 40.64393 3600 C  1000 999 999 
rand__366  242.993025 5.14855 3600 C  1000 999 999 
rand__367  50.025771 30.62990 3600 C  1000 999 999 
rand__368  41.915599 15.42797 3600 C  1000 999 999 
rand__369  126.325731 4.42016 3600 C  1000 999 999 
rand__370  105.692667 55.28858 3600 C  1000 999 999 
rand__371  269.606912 47.43948 3600 C  1000 999 999 
rand__372  180.002303 -1.38566 3600 C  1000 999 999 
rand__373  262.507041 49.24857 3600 C  1000 999 999 
rand__374  338.678385 74.29712 3600 C  1000 999 999 
rand__375  203.004451 60.06251 3600 C  1000 999 999 
rand__376  342.329259 38.20871 3600 C  1000 999 999 
rand__377  49.508580 43.52509 3600 C  1000 999 999 
rand__378  268.898746 4.02575 3600 C  1000 999 999 
rand__379  339.971511 17.42554 3600 C  1000 999 999 
rand__380  242.067112 16.91521 3600 C  1000 999 999 
rand__381  260.693655 62.87233 3600 C  1000 999 999 
rand__382  184.494587 32.77782 3600 C  1000 999 999 
rand__383  243.210197 56.09403 3600 C  1000 999 999 
rand__384  356.091806 2.89890 3600 C  1000 999 999 
rand__385  116.561272 29.70758 3600 C  1000 999 999 
rand__386  6.925232 65.84048 3600 C  1000 999 999 
rand__387  314.674432 10.82100 3600 C  1000 999 999 
rand__388  182.368167 -7.54893 3600 C  1000 999 999 
rand__389  197.986920 25.03404 3600 C  1000 999 999 
rand__390  206.675077 76.80016 3600 C  1000 999 999 
rand__391  107.140187 -2.00395 3600 C  1000 999 999 
rand__392  73.532527 28.03585 3600 C  1000 999 999 
rand__393  300.428378 2.03753 3600 C  1000 999 999 
rand__394  94.023502 24.49684 3600 C  1000 999 999 
rand__395  261.806795 2.08485 3600 C  1000 999 999 
rand__396  204.724383 12.31224 3600 C  1000 999 999 
rand__397  98.875389 0.80616 3600 C  1000 999 999 
rand__398  35.094977 -8.25207 3600 C  1000 999 999 
rand__399  85.941234 43.65192 3600 C  1000 999 999 
rand__400  112.377524 42.77506 3600 C  1000 999 999 
rand__401  200.652903 58.67035 3600 C  1000 999 999 
rand__402  36.033474 69.52830 3600 C  1000 999 999 
rand__403  194.104583 40.28312 3600 C  1000 999 999 
rand__404  264.654839 70.13186 3600 C  1000 999 999 
rand__405  115.072865 6.81246 3600 C  1000 999 999 
rand__406  166.382769 -14.06163 3600 C  1000 999 999 
rand__407  290.386197 27.56675 3600 C  1000 999 999 
rand__408  156.395095 -7.39239 3600 C  1000 999 999 
rand__409  337.274242 53.08233 3600 C  1000 999 999 
rand__410  185.581229 60.07465 3600 C  1000 999 999 
rand__411  276.098152 50.85463 3600 C  1000 999 999 
rand__412  188.191444 72.22435 3600 C  1000 999 999 
rand__413  358.343529 -13.24244 3600 C  1000 999 999 
rand__414  154.715460 32.72536 3600 C  1000 999 999 
rand__415  228.851863 64.18212 3600 C  1000 999 999 
rand__416  100.231422 -1.15820 3600 C  1000 999 999 
rand__417  26.804272 71.22196 3600 C  1000 999 999 
rand__418  78.741614 58.73504 3600 C  1000 999 999 
rand__419  139.648985 -10.64310 3600 C  1000 999 999 
rand__420  49.394248 25.26700 3600 C  1000 999 999 
rand__421  80.878249 66.55812 3600 C  1000 999 999 
rand__422  253.953997 11.04710 3600 C  1000 999 999 
rand__423  300.864531 69.91679 3600 C  1000 999 999 
rand__424  188.395015 31.37845 3600 C  1000 999 999 
rand__425  348.371789 67.05787 3600 C  1000 999 999 
rand__426  179.264193 66.36332 3600 C  1000 999 999 
rand__427  333.625603 47.92593 3600 C  1000 999 999 
rand__428  194.476973 47.83364 3600 C  1000 999 999 
rand__429  137.157830 -5.21848 3600 C  1000 999 999 
rand__430  265.432019 8.23918 3600 C  1000 999 999 
rand__431  352.346038 68.80150 3600 C  1000 999 999 
rand__432  350.494060 34.94015 3600 C  1000 999 999 
rand__433  29.255819 47.42772 3600 C  1000 999 999 
rand__434  182.173395 34.61609 3600 C  1000 999 999 
rand__435  25.032585 28.04136 3600 C  1000 999 999 
rand__436  116.714551 -13.67332 3600 C  1000 999 999 
rand__437  320.855278 74.53419 3600 C  1000 999 999 
rand__438  52.856877 39.04027 3600 C  1000 999 999 
rand__439  234.725851 72.93486 3600 C  1000 999 999 
rand__440  352.134089 16.73735 3600 C  1000 999 999 
rand__441  13.672955 43.85306 3600 C  1000 999 999 
rand__442  163.551790 -0.79361 3600 C  1000 999 999 
rand__443  194.039076 -12.56364 3600 C  1000 999 999 
rand__444  205.297418 14.87857 3600 C  1000 999 999 
rand__445  337.247408 -4.56082 3600 C  1000 999 999 
rand__446  259.206512 12.06644 3600 C  1000 999 999 
rand__447  29.121271 47.29009 3600 C  1000 999 999 
rand__448  358.940573 34.01497 3600 C  1000 999 999 
rand__449  122.453723 25.32313 3600 C  1000 999 999 
rand__450  301.524639 44.69738 3600 C  1000 999 999 
rand__451  311.715346 21.39709 3600 C  1000 999 999 
rand__452  221.381284 8.13793 3600 C  1000 999 999 
rand__453  248.157665 46.60641 3600 C  1000 999 999 
rand__454  345.652177 40.28792 3600 C  1000 999 999 
rand__455  320.914752 -12.84333 3600 C  1000 999 999 
rand__456  131.108442 55.82828 3600 C  1000 999 999 
rand__457  305.298768 75.42516 3600 C  1000 999 999 
rand__458  131.380244 -7.65484 3600 C  1000 999 999 
rand__459  18.852468 52.37704 3600 C  1000 999 999 
rand__460  181.227514 3.52768 3600 C  1000 999 999 
rand__461  351.873134 27.89993 3600 C  1000 999 999 
rand__462  265.759528 25.26064 3600 C  1000 999 999 
rand__463  16.517287 16.58046 3600 C  1000 999 999 
rand__464  279.456729 39.03289 3600 C  1000 999 999 
rand__465  188.246012 76.93852 3600 C  1000 999 999 
rand__466  30.556921 48.79422 3600 C  1000 999 999 
rand__467  108.727851 78.33013 3600 C  1000 999 999 
rand__468  351.926635 53.22650 3600 C  1000 999 999 
rand__469  197.134394 -8.99969 3600 C  1000 999 999 
rand__470  49.441405 36.10927 3600 C  1000 999 999 
rand__471  330.291547 26.09727 3600 C  1000 999 999 
rand__472  359.997325 63.60588 3600 C  1000 999 999 
rand__473  74.096745 68.46115 3600 C  1000 999 999 
rand__474  290.209304 -12.97629 3600 C  1000 999 999 
rand__475  197.976407 -14.09000 3600 C  1000 999 999 
rand__476  0.979082 72.63589 3600 C  1000 999 999 
rand__477  172.785003 64.96713 3600 C  1000 999 999 
rand__478  39.025444 65.73073 3600 C  1000 999 999 
rand__479  69.203442 45.68554 3600 C  1000 999 999 
rand__480  123.993666 -11.00676 3600 C  1000 999 999 
rand__481  188.971637 21.53156 3600 C  1000 999 999 
rand__482  171.686240 33.67181 3600 C  1000 999 999 
rand__483  297.609404 46.97952 3600 C  1000 999 999 
rand__484  332.414794 26.80162 3600 C  1000 999 999 
rand__485  347.773162 5.18727 3600 C  1000 999 999 
rand__486  96.439618 62.34247 3600 C  1000 999 999 
rand__487  265.890109 -3.18682 3600 C  1000 999 999 
rand__488  131.882605 30.95273 3600 C  1000 999 999 
rand__489  308.346417 59.29166 3600 C  1000 999 999 
rand__490  114.096068 49.08571 3600 C  1000 999 999 
rand__491  20.655126 8.08896 3600 C  1000 999 999 
rand__492  77.946923 22.03799 3600 C  1000 999 999 
rand__493  246.540868 -7.77616 3600 C  1000 999 999 
rand__494  106.280009 7.08125 3600 C  1000 999 999 
rand__495  14.198763 -13.38054 3600 C  1000 999 999 
rand__496  206.910287 67.26456 3600 C  1000 999 999 
rand__497  239.689709 79.67262 3600 C  1000 999 999 
rand__498  109.724069 61.89903 3600 C  1000 999 999 
rand__499  310.638429 56.99868 3600 C  1000 999 999 
rand__500  161.216373 18.81642 3600 C  1000 999 999 
rand__501  299.407305 54.07404 3600 C  1000 999 999 
rand__502  229.955878 3.21411 3600 C  1000 999 999 
rand__503  115.452640 15.68810 3600 C  1000 999 999 
rand__504  13.011308 32.81522 3600 C  1000 999 999 
rand__505  21.532659 -1.99731 3600 C  1000 999 999 
rand__506  348.149257 2.62479 3600 C  1000 999 999 
rand__507  64.762932 -3.68791 3600 C  1000 999 999 
rand__508  246.699140 35.57787 3600 C  1000 999 999 
rand__509  203.730748 2.63345 3600 C  1000 999 999 
rand__510  353.895847 12.27981 3600 C  1000 999 999 
rand__511  81.681035 3.13772 3600 C  1000 999 999 
rand__512  56.495469 -2.63127 3600 C  1000 999 999 
rand__513  108.486006 11.06700 3600 C  1000 999 999 
rand__514  83.720232 13.68731 3600 C  1000 999 999 
rand__515  149.231281 69.37247 3600 C  1000 999 999 
rand__516  144.662087 -11.27193 3600 C  1000 999 999 
rand__517  291.345658 58.96447 3600 C  1000 999 999 
rand__518  290.332707 43.65171 3600 C  1000 999 999 
rand__519  267.550740 55.34501 3600 C  1000 999 999 
rand__520  132.202582 -10.47977 3600 C  1000 999 999 
rand__521  128.228579 33.92256 3600 C  1000 999 999 
rand__522  191.997090 74.40267 3600 C  1000 999 999 
rand__523  219.902725 -6.03578 3600 C  1000 999 999 
rand__524  132.483931 66.03776 3600 C  1000 999 999 
rand__525  35.026232 38.33948 3600 C  1000 999 999 
rand__526  213.399903 14.57058 3600 C  1000 999 999 
rand__527  280.211143 52.26721 3600 C  1000 999 999 
rand__528  346.010951 -9.61202 3600 C  1000 999 999 
rand__529  62.561980 4.17693 3600 C  1000 999 999 
rand__530  319.914614 24.24944 3600 C  1000 999 999 
rand__531  204.942614 47.15830 3600 C  1000 999 999 
rand__532  0.539226 22.81083 3600 C  1000 999 999 
rand__533  324.669335 75.08317 3600 C  1000 999 999 
rand__534  45.284993 -14.98902 3600 C  1000 999 999 
rand__535  88.112750 0.39816 3600 C  1000 999 999 
rand__536  145.182102 -5.92558 3600 C  1000 999 999 
rand__537  77.775756 33.07107 3600 C  1000 999 999 
rand__538  236.666744 23.66892 3600 C  1000 999 999 
rand__539  338.632979 15.14239 3600 C  1000 999 999 
rand__540  288.559534 18.15084 3600 C  1000 999 999 
rand__541  330.377698 75.04784 3600 C  1000 999 999 
rand__542  116.250925 42.20137 3600 C  1000 999 999 
rand__543  205.500385 14.01617 3600 C  1000 999 999 
rand__544  266.907850 35.32423 3600 C  1000 999 999 
rand__545  139.378127 32.21365 3600 C  1000 999 999 
rand__546  195.093558 74.76041 3600 C  1000 999 999 
rand__547  175.786500 42.43712 3600 C  1000 999 999 
rand__548  113.476514 60.23625 3600 C  1000 999 999 
rand__549  338.613282 31.91438 3600 C  1000 999 999 
rand__550  0.753737 53.81214 3600 C  1000 999 999 
rand__551  335.656490 -9.93194 3600 C  1000 999 999 
rand__552  38.569740 2.30770 3600 C  1000 999 999 
rand__553  348.500731 -11.99158 3600 C  1000 999 999 
rand__554  10.411334 17.05616 3600 C  1000 999 999 
rand__555  297.364451 47.44634 3600 C  1000 999 999 
rand__556  346.628263 65.67976 3600 C  1000 999 999 
rand__557  29.507830 29.61956 3600 C  1000 999 999 
rand__558  58.799670 45.98896 3600 C  1000 999 999 
rand__559  90.498945 20.65011 3600 C  1000 999 999 
rand__560  71.646861 23.71005 3600 C  1000 999 999 
rand__561  107.278196 48.89551 3600 C  1000 999 999 
rand__562  350.057010 70.07656 3600 C  1000 999 999 
rand__563  287.784168 75.60761 3600 C  1000 999 999 
rand__564  91.195344 52.44179 3600 C  1000 999 999 
rand__565  346.031236 -2.79151 3600 C  1000 999 999 
rand__566  337.722297 7.80036 3600 C  1000 999 999 
rand__567  304.474422 32.50118 3600 C  1000 999 999 
rand__568  7.166578 62.80814 3600 C  1000 999 999 
rand__569  247.624610 34.72586 3600 C  1000 999 999 
rand__570  32.986720 -12.33224 3600 C  1000 999 999 
rand__571  111.879290 52.31273 3600 C  1000 999 999 
rand__572  250.676213 78.77719 3600 C  1000 999 999 
rand__573  355.557205 -0.25631 3600 C  1000 999 999 
rand__574  140.272083 16.60921 3600 C  1000 999 999 
rand__575  67.797469 70.29574 3600 C  1000 999 999 
rand__576  304.311333 -0.63681 3600 C  1000 999 999 
rand__577  112.852048 65.13393 3600 C  1000 999 999 
rand__578  299.322307 14.63006 3600 C  1000 999 999 
rand__579  128.904219 45.60336 3600 C  1000 999 999 
rand__580  160.950004 20.38153 3600 C  1000 999 999 
rand__581  254.473024 32.42666 3600 C  1000 999 999 
rand__582  199.732036 -7.92829 3600 C  1000 999 999 
rand__583  197.709309 -12.93654 3600 C  1000 999 999 
rand__584  19.940053 68.31225 3600 C  1000 999 999 
rand__585  269.692206 76.25629 3600 C  1000 999 999 
rand__586  271.516580 59.36880 3600 C  1000 999 999 
rand__587  343.324089 44.13648 3600 C  1000 999 999 
rand__588  146.804413 9.65355 3600 C  1000 999 999 
rand__589  302.806413 41.09988 3600 C  1000 999 999 
rand__590  281.362896 77.64479 3600 C  1000 999 999 
rand__591  317.292785 25.68405 3600 C  1000 999 999 
rand__592  101.440147 71.82362 3600 C  1000 999 999 
rand__593  28.694626 65.64983 3600 C  1000 999 999 
rand__594  274.506357 -3.65401 3600 C  1000 999 999 
rand__595  64.188525 65.63182 3600 C  1000 999 999 
rand__596  203.705686 70.79336 3600 C  1000 999 999 
rand__597  297.549202 -12.86621 3600 C  1000 999 999 
rand__598  55.187726 14.46328 3600 C  1000 999 999 
rand__599  112.291990 -14.93373 3600 C  1000 999 999 
rand__600  106.688464 -8.99429 3600 C  1000 999 999 
rand__601  66.588740 75.88466 3600 C  1000 999 999 
rand__602  296.473852 35.37338 3600 C  1000 999 999 
rand__603  47.157805 75.85503 3600 C  1000 999 999 
rand__604  184.482756 69.40508 3600 C  1000 999 999 
rand__605  87.547831 32.49294 3600 C  1000 999 999 
rand__606  72.478626 25.20770 3600 C  1000 999 999 
rand__607  358.772146 12.38573 3600 C  1000 999 999 
rand__608  277.114014 29.82516 3600 C  1000 999 999 
rand__609  346.970014 67.45199 3600 C  1000 999 999 
rand__610  85.249388 73.50502 3600 C  1000 999 999 
rand__611  238.016780 22.22255 3600 C  1000 999 999 
rand__612  170.256138 42.70908 3600 C  1000 999 999 
rand__613  259.143399 -9.41600 3600 C  1000 999 999 
rand__614  186.318859 41.61854 3600 C  1000 999 999 
rand__615  35.540587 52.73497 3600 C  1000 999 999 
rand__616  242.234068 68.77712 3600 C  1000 999 999 
rand__617  24.209062 15.73657 3600 C  1000 999 999 
rand__618  125.791911 42.09129 3600 C  1000 999 999 
rand__619  2.624936 2.00195 3600 C  1000 999 999 
rand__620  326.552465 63.31941 3600 C  1000 999 999 
rand__621  42.079610 26.69010 3600 C  1000 999 999 
rand__622  347.593562 40.83529 3600 C  1000 999 999 
rand__623  38.773981 62.96589 3600 C  1000 999 999 
rand__624  119.014018 28.87968 3600 C  1000 999 999 
rand__625  50.876785 35.23343 3600 C  1000 999 999 
rand__626  59.245765 24.08050 3600 C  1000 999 999 
rand__627  277.567830 14.01507 3600 C  1000 999 999 
rand__628  102.241532 55.84786 3600 C  1000 999 999 
rand__629  346.869625 -2.47271 3600 C  1000 999 999 
rand__630  37.525540 59.73549 3600 C  1000 999 999 
rand__631  299.841163 36.44830 3600 C  1000 999 999 
rand__632  52.763488 48.39675 3600 C  1000 999 999 
rand__633  269.568730 17.83562 3600 C  1000 999 999 
rand__634  292.361635 58.27096 3600 C  1000 999 999 
rand__635  283.185379 52.22742 3600 C  1000 999 999 
rand__636  197.797825 -12.66344 3600 C  1000 999 999 
rand__637  9.362574 29.98195 3600 C  1000 999 999 
rand__638  321.781466 46.70758 3600 C  1000 999 999 
rand__639  98.083847 -5.06266 3600 C  1000 999 999 
rand__640  107.072127 39.38718 3600 C  1000 999 999 
rand__641  133.030158 67.97348 3600 C  1000 999 999 
rand__642  176.553582 29.93673 3600 C  1000 999 999 
rand__643  154.249735 -8.06914 3600 C  1000 999 999 
rand__644  216.140060 27.49973 3600 C  1000 999 999 
rand__645  58.022678 24.73370 3600 C  1000 999 999 
rand__646  91.958544 62.90780 3600 C  1000 999 999 
rand__647  47.161684 0.80576 3600 C  1000 999 999 
rand__648  335.881511 67.59212 3600 C  1000 999 999 
rand__649  313.618639 54.25533 3600 C  1000 999 999 
rand__650  312.380346 22.58826 3600 C  1000 999 999 
rand__651  180.375180 74.16065 3600 C  1000 999 999 
rand__652  327.168596 35.75037 3600 C  1000 999 999 
rand__653  253.894780 -14.30378 3600 C  1000 999 999 
rand__654  329.811196 31.60879 3600 C  1000 999 999 
rand__655  243.093204 59.81616 3600 C  1000 999 999 
rand__656  62.423317 44.80083 3600 C  1000 999 999 
rand__657  124.487170 20.11074 3600 C  1000 999 999 
rand__658  213.258821 25.02872 3600 C  1000 999 999 
rand__659  135.841372 24.13999 3600 C  1000 999 999 
rand__660  312.175496 -3.53458 3600 C  1000 999 999 
rand__661  135.288606 0.59563 3600 C  1000 999 999 
rand__662  22.573815 72.16901 3600 C  1000 999 999 
rand__663  115.324132 5.41202 3600 C  1000 999 999 
rand__664  206.987566 9.60515 3600 C  1000 999 999 
rand__665  110.740251 61.98561 3600 C  1000 999 999 
rand__666  151.836593 61.85387 3600 C  1000 999 999 
rand__667  67.357624 61.05059 3600 C  1000 999 999 
rand__668  20.927900 29.71025 3600 C  1000 999 999 
rand__669  330.056914 16.51384 3600 C  1000 999 999 
rand__670  258.415838 -11.41143 3600 C  1000 999 999 
rand__671  256.903882 9.59977 3600 C  1000 999 999 
rand__672  108.630861 -3.58079 3600 C  1000 999 999 
rand__673  168.765678 -11.74189 3600 C  1000 999 999 
rand__674  135.616067 46.33603 3600 C  1000 999 999 
rand__675  44.965037 62.04580 3600 C  1000 999 999 
rand__676  217.146259 -1.61949 3600 C  1000 999 999 
rand__677  73.349282 36.38176 3600 C  1000 999 999 
rand__678  290.710865 47.55502 3600 C  1000 999 999 
rand__679  106.381975 54.84293 3600 C  1000 999 999 
rand__680  279.874910 7.56518 3600 C  1000 999 999 
rand__681  295.663334 56.74745 3600 C  1000 999 999 
rand__682  134.384681 -0.42583 3600 C  1000 999 999 
rand__683  72.826348 -6.04726 3600 C  1000 999 999 
rand__684  11.084627 8.94021 3600 C  1000 999 999 
rand__685  30.058152 17.27313 3600 C  1000 999 999 
rand__686  33.697244 -8.21277 3600 C  1000 999 999 
rand__687  113.200004 -13.91483 3600 C  1000 999 999 
rand__688  259.195589 28.89238 3600 C  1000 999 999 
rand__689  294.730505 20.01534 3600 C  1000 999 999 
rand__690  101.692630 15.60101 3600 C  1000 999 999 
rand__691  165.753936 36.52672 3600 C  1000 999 999 
rand__692  283.303765 -12.84969 3600 C  1000 999 999 
rand__693  326.340583 26.15967 3600 C  1000 999 999 
rand__694  8.692602 7.29721 3600 C  1000 999 999 
rand__695  225.550758 21.32312 3600 C  1000 999 999 
rand__696  15.298505 34.44997 3600 C  1000 999 999 
rand__697  88.680772 45.38376 3600 C  1000 999 999 
rand__698  231.054349 0.40716 3600 C  1000 999 999 
rand__699  169.573894 9.76392 3600 C  1000 999 999 
rand__700  152.775456 -11.06827 3600 C  1000 999 999 
rand__701  222.416000 12.19163 3600 C  1000 999 999 
rand__702  39.571285 -4.70031 3600 C  1000 999 999 
rand__703  63.112750 43.46547 3600 C  1000 999 999 
rand__704  220.070236 54.41792 3600 C  1000 999 999 
rand__705  47.886466 35.08487 3600 C  1000 999 999 
rand__706  287.655872 30.47116 3600 C  1000 999 999 
rand__707  36.111486 -5.75004 3600 C  1000 999 999 
rand__708  186.517517 35.84044 3600 C  1000 999 999 
rand__709  256.114131 5.79389 3600 C  1000 999 999 
rand__710  265.140006 61.02332 3600 C  1000 999 999 
rand__711  89.614585 21.26027 3600 C  1000 999 999 
rand__712  69.762406 32.07652 3600 C  1000 999 999 
rand__713  153.390024 1.60305 3600 C  1000 999 999 
rand__714  181.525587 44.43267 3600 C  1000 999 999 
rand__715  6.710765 62.24994 3600 C  1000 999 999 
rand__716  173.668363 50.46071 3600 C  1000 999 999 
rand__717  282.060504 45.76962 3600 C  1000 999 999 
rand__718  82.270630 22.08736 3600 C  1000 999 999 
rand__719  198.887902 78.19607 3600 C  1000 999 999 
rand__720  99.007221 -2.84566 3600 C  1000 999 999 
rand__721  264.643093 15.57065 3600 C  1000 999 999 
rand__722  275.943161 79.13411 3600 C  1000 999 999 
rand__723  231.918894 70.03562 3600 C  1000 999 999 
rand__724  306.997968 11.04255 3600 C  1000 999 999 
rand__725  316.135036 74.51999 3600 C  1000 999 999 
rand__726  27.055095 -11.90589 3600 C  1000 999 999 
rand__727  171.595486 7.65176 3600 C  1000 999 999 
rand__728  273.664527 33.55078 3600 C  1000 999 999 
rand__729  156.454987 36.20821 3600 C  1000 999 999 
rand__730  203.791078 39.88966 3600 C  1000 999 999 
rand__731  224.334717 -4.45487 3600 C  1000 999 999 
rand__732  259.315849 55.45219 3600 C  1000 999 999 
rand__733  306.738143 72.78352 3600 C  1000 999 999 
rand__734  38.265750 41.98108 3600 C  1000 999 999 
rand__735  104.164136 21.47706 3600 C  1000 999 999 
rand__736  346.999413 25.13763 3600 C  1000 999 999 
rand__737  274.200194 4.42123 3600 C  1000 999 999 
rand__738  175.798976 -5.89628 3600 C  1000 999 999 
rand__739  14.226736 74.22594 3600 C  1000 999 999 
rand__740  207.959117 53.85494 3600 C  1000 999 999 
rand__741  20.007405 53.84714 3600 C  1000 999 999 
rand__742  244.328405 29.73807 3600 C  1000 999 999 
rand__743  47.455662 61.11116 3600 C  1000 999 999 
rand__744  5.960154 14.90950 3600 C  1000 999 999 
rand__745  243.070150 54.93672 3600 C  1000 999 999 
rand__746  106.512378 37.02885 3600 C  1000 999 999 
rand__747  342.542015 -7.81514 3600 C  1000 999 999 
rand__748  322.509862 -11.39082 3600 C  1000 999 999 
rand__749  169.502488 16.14398 3600 C  1000 999 999 
rand__750  154.649733 22.04827 3600 C  1000 999 999 
rand__751  119.666712 54.01916 3600 C  1000 999 999 
rand__752  61.485028 72.67191 3600 C  1000 999 999 
rand__753  246.468922 22.71364 3600 C  1000 999 999 
rand__754  127.681823 17.43207 3600 C  1000 999 999 
rand__755  91.407329 23.59454 3600 C  1000 999 999 
rand__756  183.708724 15.36892 3600 C  1000 999 999 
rand__757  276.407571 71.19605 3600 C  1000 999 999 
rand__758  219.495086 76.92878 3600 C  1000 999 999 
rand__759  234.583969 50.27623 3600 C  1000 999 999 
rand__760  118.801325 8.37292 3600 C  1000 999 999 
rand__761  64.514343 -11.80784 3600 C  1000 999 999 
rand__762  352.619696 0.50000 3600 C  1000 999 999 
rand__763  81.245033 33.68435 3600 C  1000 999 999 
rand__764  23.521436 11.01946 3600 C  1000 999 999 
rand__765  57.534136 52.08712 3600 C  1000 999 999 
rand__766  318.680065 32.67105 3600 C  1000 999 999 
rand__767  203.946746 68.38941 3600 C  1000 999 999 
rand__768  7.025592 36.66096 3600 C  1000 999 999 
rand__769  242.452958 35.89666 3600 C  1000 999 999 
rand__770  68.255164 6.84822 3600 C  1000 999 999 
rand__771  78.561376 5.47139 3600 C  1000 999 999 
rand__772  97.202232 59.84818 3600 C  1000 999 999 
rand__773  339.725204 6.80785 3600 C  1000 999 999 
rand__774  246.366416 78.80817 3600 C  1000 999 999 
rand__775  56.333913 58.57754 3600 C  1000 999 999 
rand__776  310.082038 19.55198 3600 C  1000 999 999 
rand__777  206.350346 11.15411 3600 C  1000 999 999 
rand__778  16.177469 47.89318 3600 C  1000 999 999 
rand__779  272.792889 35.72205 3600 C  1000 999 999 
rand__780  297.158499 76.18854 3600 C  1000 999 999 
rand__781  279.238991 10.70071 3600 C  1000 999 999 
rand__782  108.567301 -7.31454 3600 C  1000 999 999 
rand__783  250.929694 14.77983 3600 C  1000 999 999 
rand__784  26.143886 18.82675 3600 C  1000 999 999 
rand__785  78.037404 79.89189 3600 C  1000 999 999 
rand__786  22.939855 35.83987 3600 C  1000 999 999 
rand__787  46.353801 58.46033 3600 C  1000 999 999 
rand__788  134.707925 38.06696 3600 C  1000 999 999 
rand__789  255.278031 24.72824 3600 C  1000 999 999 
rand__790  307.214387 44.92169 3600 C  1000 999 999 
rand__791  297.057177 18.62556 3600 C  1000 999 999 
rand__792  108.803099 59.77660 3600 C  1000 999 999 
rand__793  305.015334 48.60241 3600 C  1000 999 999 
rand__794  20.627978 73.79368 3600 C  1000 999 999 
rand__795  10.749816 66.96295 3600 C  1000 999 999 
rand__796  64.345473 -14.50040 3600 C  1000 999 999 
rand__797  220.527984 49.50306 3600 C  1000 999 999 
rand__798  192.926287 -11.30455 3600 C  1000 999 999 
rand__799  253.071497 18.96362 3600 C  1000 999 999 
rand__800  310.613519 66.28608 3600 C  1000 999 999 
rand__801  321.382882 46.65765 3600 C  1000 999 999 
rand__802  201.173500 40.61454 3600 C  1000 999 999 
rand__803  173.752047 7.56625 3600 C  1000 999 999 
rand__804  308.251490 43.25083 3600 C  1000 999 999 
rand__805  190.408227 44.38926 3600 C  1000 999 999 
rand__806  312.380973 16.46705 3600 C  1000 999 999 
rand__807  245.099013 56.58583 3600 C  1000 999 999 
rand__808  121.996968 73.23086 3600 C  1000 999 999 
rand__809  151.878397 40.23213 3600 C  1000 999 999 
rand__810  42.482257 -1.23928 3600 C  1000 999 999 
rand__811  6.957327 51.55714 3600 C  1000 999 999 
rand__812  59.793814 7.76606 3600 C  1000 999 999 
rand__813  13.530162 76.25259 3600 C  1000 999 999 
rand__814  348.164297 53.30257 3600 C  1000 999 999 
rand__815  336.704953 48.55545 3600 C  1000 999 999 
rand__816  215.508704 55.09229 3600 C  1000 999 999 
rand__817  165.793749 51.98090 3600 C  1000 999 999 
rand__818  190.846698 37.93145 3600 C  1000 999 999 
rand__819  46.715955 45.82660 3600 C  1000 999 999 
rand__820  178.082553 24.81973 3600 C  1000 999 999 
rand__821  110.360716 26.74794 3600 C  1000 999 999 
rand__822  253.072156 11.43087 3600 C  1000 999 999 
rand__823  67.121797 -0.98829 3600 C  1000 999 999 
rand__824  186.797819 -13.88127 3600 C  1000 999 999 
rand__825  218.161650 12.95917 3600 C  1000 999 999 
rand__826  74.225363 49.80516 3600 C  1000 999 999 
rand__827  143.918355 1.74181 3600 C  1000 999 999 
rand__828  247.754796 -0.61396 3600 C  1000 999 999 
rand__829  233.684646 -11.43675 3600 C  1000 999 999 
rand__830  242.677814 25.65095 3600 C  1000 999 999 
rand__831  44.525308 1.62110 3600 C  1000 999 999 
rand__832  331.558657 22.14097 3600 C  1000 999 999 
rand__833  263.519933 -1.81321 3600 C  1000 999 999 
rand__834  247.594365 10.89240 3600 C  1000 999 999 
rand__835  184.247439 40.46587 3600 C  1000 999 999 
rand__836  130.331433 52.74071 3600 C  1000 999 999 
rand__837  272.890932 8.01128 3600 C  1000 999 999 
rand__838  351.008911 0.02421 3600 C  1000 999 999 
rand__839  178.529912 -14.18896 3600 C  1000 999 999 
rand__840  287.734150 47.83548 3600 C  1000 999 999 
rand__841  201.375042 75.80156 3600 C  1000 999 999 
rand__842  32.912362 -6.60952 3600 C  1000 999 999 
rand__843  230.416563 -14.74923 3600 C  1000 999 999 
rand__844  16.068113 78.36180 3600 C  1000 999 999 
rand__845  356.117625 10.60588 3600 C  1000 999 999 
rand__846  44.215707 -2.40148 3600 C  1000 999 999 
rand__847  43.524390 -0.00479 3600 C  1000 999 999 
rand__848  51.633687 16.75262 3600 C  1000 999 999 
rand__849  255.291282 -0.54824 3600 C  1000 999 999 
rand__850  264.856016 -9.45582 3600 C  1000 999 999 
rand__851  174.629758 -4.63863 3600 C  1000 999 999 
rand__852  315.343642 39.40910 3600 C  1000 999 999 
rand__853  288.801958 2.05622 3600 C  1000 999 999 
rand__854  115.289776 45.72938 3600 C  1000 999 999 
rand__855  307.515912 57.80958 3600 C  1000 999 999 
rand__856  214.145519 14.62127 3600 C  1000 999 999 
rand__857  56.860298 10.36003 3600 C  1000 999 999 
rand__858  39.290971 6.66993 3600 C  1000 999 999 
rand__859  104.873691 48.48346 3600 C  1000 999 999 
rand__860  359.216394 2.24145 3600 C  1000 999 999 
rand__861  175.901950 11.60900 3600 C  1000 999 999 
rand__862  103.222487 -0.03849 3600 C  1000 999 999 
rand__863  241.436336 74.58353 3600 C  1000 999 999 
rand__864  283.177015 14.45537 3600 C  1000 999 999 
rand__865  102.972817 14.68328 3600 C  1000 999 999 
rand__866  163.049585 39.11398 3600 C  1000 999 999 
rand__867  2.618618 69.47293 3600 C  1000 999 999 
rand__868  143.121998 76.57704 3600 C  1000 999 999 
rand__869  265.203683 69.55202 3600 C  1000 999 999 
rand__870  355.196076 7.57029 3600 C  1000 999 999 
rand__871  64.436150 16.65966 3600 C  1000 999 999 
rand__872  4.816036 29.47041 3600 C  1000 999 999 
rand__873  318.939521 65.03422 3600 C  1000 999 999 
rand__874  338.118798 73.79309 3600 C  1000 999 999 
rand__875  56.824788 14.80947 3600 C  1000 999 999 
rand__876  190.083673 30.35166 3600 C  1000 999 999 
rand__877  266.463019 2.48122 3600 C  1000 999 999 
rand__878  2.479648 76.37644 3600 C  1000 999 999 
rand__879  337.482260 49.02681 3600 C  1000 999 999 
rand__880  26.512522 56.32645 3600 C  1000 999 999 
rand__881  241.876590 34.66545 3600 C  1000 999 999 
rand__882  221.791904 7.22910 3600 C  1000 999 999 
rand__883  227.702808 57.63262 3600 C  1000 999 999 
rand__884  304.440467 28.75634 3600 C  1000 999 999 
rand__885  158.316084 32.43201 3600 C  1000 999 999 
rand__886  317.686458 76.02570 3600 C  1000 999 999 
rand__887  122.541074 -9.67021 3600 C  1000 999 999 
rand__888  199.628497 78.86160 3600 C  1000 999 999 
rand__889  355.410795 67.49749 3600 C  1000 999 999 
rand__890  71.732940 22.89478 3600 C  1000 999 999 
rand__891  47.852013 51.76387 3600 C  1000 999 999 
rand__892  123.845544 77.28963 3600 C  1000 999 999 
rand__893  173.303944 64.16184 3600 C  1000 999 999 
rand__894  7.372377 62.72358 3600 C  1000 999 999 
rand__895  111.739886 -3.65813 3600 C  1000 999 999 
rand__896  311.254871 -9.53423 3600 C  1000 999 999 
rand__897  206.550393 21.72465 3600 C  1000 999 999 
rand__898  281.803153 65.97040 3600 C  1000 999 999 
rand__899  313.027646 14.80049 3600 C  1000 999 999 
rand__900  115.963009 54.18373 3600 C  1000 999 999 
rand__901  309.733110 50.03689 3600 C  1000 999 999 
rand__902  210.114800 58.00723 3600 C  1000 999 999 
rand__903  319.431388 25.10332 3600 C  1000 999 999 
rand__904  79.745960 6.85547 3600 C  1000 999 999 
rand__905  243.100877 53.83724 3600 C  1000 999 999 
rand__906  199.348975 37.11590 3600 C  1000 999 999 
rand__907  7.728603 33.09435 3600 C  1000 999 999 
rand__908  165.767665 74.29634 3600 C  1000 999 999 
rand__909  255.632650 49.65544 3600 C  1000 999 999 
rand__910  181.017653 76.66218 3600 C  1000 999 999 
rand__911  62.875043 7.07545 3600 C  1000 999 999 
rand__912  259.039720 28.61168 3600 C  1000 999 999 
rand__913  336.005864 16.95843 3600 C  1000 999 999 
rand__914  328.200795 11.70484 3600 C  1000 999 999 
rand__915  1.214856 -4.54536 3600 C  1000 999 999 
rand__916  277.219512 58.90290 3600 C  1000 999 999 
rand__917  312.857750 42.95650 3600 C  1000 999 999 
rand__918  76.257642 -3.90710 3600 C  1000 999 999 
rand__919  167.028605 74.80427 3600 C  1000 999 999 
rand__920  150.351192 -13.26419 3600 C  1000 999 999 
rand__921  99.051061 -7.16561 3600 C  1000 999 999 
rand__922  264.160028 18.23993 3600 C  1000 999 999 
rand__923  241.435915 1.85781 3600 C  1000 999 999 
rand__924  161.711391 36.80435 3600 C  1000 999 999 
rand__925  356.189264 28.22323 3600 C  1000 999 999 
rand__926  138.725543 11.44547 3600 C  1000 999 999 
rand__927  252.739492 43.53047 3600 C  1000 999 999 
rand__928  26.090890 51.32117 3600 C  1000 999 999 
rand__929  120.205081 39.39978 3600 C  1000 999 999 
rand__930  185.724627 51.63096 3600 C  1000 999 999 
rand__931  104.233770 -4.24457 3600 C  1000 999 999 
rand__932  126.416917 63.29074 3600 C  1000 999 999 
rand__933  220.661271 10.85911 3600 C  1000 999 999 
rand__934  210.052173 70.62988 3600 C  1000 999 999 
rand__935  349.535024 77.56409 3600 C  1000 999 999 
rand__936  37.068467 31.35348 3600 C  1000 999 999 
rand__937  231.381973 24.87181 3600 C  1000 999 999 
rand__938  339.704386 69.46115 3600 C  1000 999 999 
rand__939  82.399755 -8.26500 3600 C  1000 999 999 
rand__940  59.760703 -4.24388 3600 C  1000 999 999 
rand__941  248.698206 68.88238 3600 C  1000 999 999 
rand__942  149.237354 1.08897 3600 C  1000 999 999 
rand__943  47.819051 39.43978 3600 C  1000 999 999 
rand__944  299.763770 -8.76960 3600 C  1000 999 999 
rand__945  214.505908 64.31419 3600 C  1000 999 999 
rand__946  33.207901 -10.81293 3600 C  1000 999 999 
rand__947  219.378275 26.01523 3600 C  1000 999 999 
rand__948  217.600428 51.52286 3600 C  1000 999 999 
rand__949  62.903928 14.30434 3600 C  1000 999 999 
rand__950  137.283102 64.42338 3600 C  1000 999 999 
rand__951  35.163931 21.51900 3600 C  1000 999 999 
rand__952  309.361609 -10.92452 3600 C  1000 999 999 
rand__953  75.096831 49.16701 3600 C  1000 999 999 
rand__954  307.699645 -3.15685 3600 C  1000 999 999 
rand__955  211.846274 14.45305 3600 C  1000 999 999 
rand__956  13.649756 -0.33044 3600 C  1000 999 999 
rand__957  140.417428 -9.27742 3600 C  1000 999 999 
rand__958  35.775389 -6.20513 3600 C  1000 999 999 
rand__959  132.744611 24.52727 3600 C  1000 999 999 
rand__960  282.548640 31.18474 3600 C  1000 999 999 
rand__961  319.804913 -3.28787 3600 C  1000 999 999 
rand__962  14.717290 14.79729 3600 C  1000 999 999 
rand__963  241.636554 26.25541 3600 C  1000 999 999 
rand__964  118.541888 37.96752 3600 C  1000 999 999 
rand__965  85.444088 -0.98987 3600 C  1000 999 999 
rand__966  147.059583 47.33974 3600 C  1000 999 999 
rand__967  0.421841 41.62738 3600 C  1000 999 999 
rand__968  153.495919 48.37124 3600 C  1000 999 999 
rand__969  322.320407 61.81780 3600 C  1000 999 999 
rand__970  283.593492 75.55186 3600 C  1000 999 999 
rand__971  107.735339 43.75518 3600 C  1000 999 999 
rand__972  104.102851 31.16532 3600 C  1000 999 999 
rand__973  2.069526 20.00194 3600 C  1000 999 999 
rand__974  167.162186 33.01802 3600 C  1000 999 999 
rand__975  127.712107 2.18010 3600 C  1000 999 999 
rand__976  92.532426 -2.59809 3600 C  1000 999 999 
rand__977  54.403909 45.90370 3600 C  1000 999 999 
rand__978  303.576169 -6.89792 3600 C  1000 999 999 
rand__979  292.316519 39.39148 3600 C  1000 999 999 
rand__980  272.843892 40.07098 3600 C  1000 999 999 
rand__981  199.982136 30.84652 3600 C  1000 999 999 
rand__982  30.109020 78.10529 3600 C  1000 999 999 
rand__983  275.227759 31.41814 3600 C  1000 999 999 
rand__984  146.597832 72.39366 3600 C  1000 999 999 
rand__985  350.369638 19.75255 3600 C  1000 999 999 
rand__986  61.829571 20.64519 3600 C  1000 999 999 
rand__987  210.637169 17.80570 3600 C  1000 999 999 
rand__988  209.608578 32.56834 3600 C  1000 999 999 
rand__989  227.736382 10.61279 3600 C  1000 999 999 
rand__990  74.626489 77.16031 3600 C  1000 999 999 
rand__991  215.003119 53.49316 3600 C  1000 999 999 
rand__992  154.988362 34.03112 3600 C  1000 999 999 
rand__993  78.796550 -12.59643 3600 C  1000 999 999 
rand__994  4.474219 -13.88633 3600 C  1000 999 999 
rand__995  170.194567 7.52716 3600 C  1000 999 999 
rand__996  16.228436 20.33378 3600 C  1000 999 999 
rand__997  262.693717 0.75307 3600 C  1000 999 999 
rand__998  119.400350 9.58172 3600 C  1000 999 999 
rand__999  307.356527 33.87864 3600 C  1000 999 999 
