z3qso_sdss_0 1.954850 0.68879 1800 B  495 999 999 
z3qso_sdss_1 2.813480 14.76717 1800 B  495 999 999 
z3qso_sdss_2 4.311150 -10.01540 1800 B  495 999 999 
z3qso_sdss_3 6.577820 14.16296 1800 B  495 999 999 
z3qso_sdss_4 8.855350 0.66746 1800 B  495 999 999 
z3qso_sdss_5 10.227720 -9.25745 1800 B  495 999 999 
z3qso_sdss_6 13.589300 -1.15601 1800 B  495 999 999 
z3qso_sdss_7 16.580170 0.80648 1800 B  495 999 999 
z3qso_sdss_8 20.020100 14.18564 1800 B  495 999 999 
z3qso_sdss_9 20.546330 15.15400 1800 B  495 999 999 
z3qso_sdss_10 21.289270 -10.71691 1800 B  495 999 999 
z3qso_sdss_11 25.868250 -10.00539 1800 B  495 999 999 
z3qso_sdss_12 32.679850 -0.30513 1800 B  495 999 999 
z3qso_sdss_13 33.580920 -1.12137 1800 B  495 999 999 
z3qso_sdss_14 37.906880 -7.48180 1800 B  495 999 999 
z3qso_sdss_15 42.663230 -6.90142 1800 B  495 999 999 
z3qso_sdss_16 47.654050 -0.24917 1800 B  495 999 999 
z3qso_sdss_17 52.831940 -7.69532 1800 B  495 999 999 
z3qso_sdss_18 54.622110 0.36563 1800 B  495 999 999 
z3qso_sdss_19 112.763040 44.99707 1800 B  495 999 999 
z3qso_sdss_20 113.478860 32.21154 1800 B  495 999 999 
z3qso_sdss_21 114.452520 26.53477 1800 B  495 999 999 
z3qso_sdss_22 114.751630 48.08453 1800 B  495 999 999 
z3qso_sdss_23 115.546510 25.12521 1800 B  495 999 999 
z3qso_sdss_24 116.722660 47.08827 1800 B  495 999 999 
z3qso_sdss_25 116.957270 44.57141 1800 B  495 999 999 
z3qso_sdss_26 117.224460 17.14164 1800 B  495 999 999 
z3qso_sdss_27 119.075570 41.06905 1800 B  495 999 999 
z3qso_sdss_28 119.216980 45.04969 1800 B  495 999 999 
z3qso_sdss_29 119.699390 48.53622 1800 B  495 999 999 
z3qso_sdss_30 119.781580 18.01520 1800 B  495 999 999 
z3qso_sdss_31 120.095900 30.85033 1800 B  495 999 999 
z3qso_sdss_32 121.544190 14.62028 1800 B  495 999 999 
z3qso_sdss_33 121.813000 13.46810 1800 B  495 999 999 
z3qso_sdss_34 122.205960 52.25426 1800 B  495 999 999 
z3qso_sdss_35 122.997210 12.61071 1800 B  495 999 999 
z3qso_sdss_36 123.388860 35.13634 1800 B  495 999 999 
z3qso_sdss_37 124.528660 7.32229 1800 B  495 999 999 
z3qso_sdss_38 125.336850 36.13601 1800 B  495 999 999 
z3qso_sdss_39 125.481580 26.01756 1800 B  495 999 999 
z3qso_sdss_40 125.551450 16.07693 1800 B  495 999 999 
z3qso_sdss_41 125.643620 36.25967 1800 B  495 999 999 
z3qso_sdss_42 125.989960 13.84227 1800 B  495 999 999 
z3qso_sdss_43 126.225100 13.03806 1800 B  495 999 999 
z3qso_sdss_44 127.752830 43.74082 1800 B  495 999 999 
z3qso_sdss_45 127.762550 52.59266 1800 B  495 999 999 
z3qso_sdss_46 127.844070 40.77316 1800 B  495 999 999 
z3qso_sdss_47 128.006440 26.61164 1800 B  495 999 999 
z3qso_sdss_48 128.622670 21.67352 1800 B  495 999 999 
z3qso_sdss_49 128.804700 19.61836 1800 B  495 999 999 
z3qso_sdss_50 129.067490 21.81330 1800 B  495 999 999 
z3qso_sdss_51 129.232530 6.68462 1800 B  495 999 999 
z3qso_sdss_52 129.835560 35.41650 1800 B  495 999 999 
z3qso_sdss_53 130.189190 9.13597 1800 B  495 999 999 
z3qso_sdss_54 130.213440 40.80188 1800 B  495 999 999 
z3qso_sdss_55 130.338550 22.71188 1800 B  495 999 999 
z3qso_sdss_56 130.512620 43.56946 1800 B  495 999 999 
z3qso_sdss_57 131.158520 58.80709 1800 B  495 999 999 
z3qso_sdss_58 131.215520 5.30770 1800 B  495 999 999 
z3qso_sdss_59 131.485090 31.75788 1800 B  495 999 999 
z3qso_sdss_60 131.616010 8.01437 1800 B  495 999 999 
z3qso_sdss_61 131.631360 24.18566 1800 B  495 999 999 
z3qso_sdss_62 134.157070 10.14875 1800 B  495 999 999 
z3qso_sdss_63 132.932190 23.53582 1800 B  495 999 999 
z3qso_sdss_64 133.521290 17.17719 1800 B  495 999 999 
z3qso_sdss_65 133.626540 20.94745 1800 B  495 999 999 
z3qso_sdss_66 134.145540 52.86840 1800 B  495 999 999 
z3qso_sdss_67 134.283080 32.17555 1800 B  495 999 999 
z3qso_sdss_68 134.880420 25.33876 1800 B  495 999 999 
z3qso_sdss_69 135.123110 43.01491 1800 B  495 999 999 
z3qso_sdss_70 135.252560 47.42673 1800 B  495 999 999 
z3qso_sdss_71 135.400800 31.91903 1800 B  495 999 999 
z3qso_sdss_72 135.675310 -0.35719 1800 B  495 999 999 
z3qso_sdss_73 135.690670 8.85440 1800 B  495 999 999 
z3qso_sdss_74 136.645190 2.57606 1800 B  495 999 999 
z3qso_sdss_75 137.230580 33.61039 1800 B  495 999 999 
z3qso_sdss_76 137.299730 42.25470 1800 B  495 999 999 
z3qso_sdss_77 137.801070 25.90715 1800 B  495 999 999 
z3qso_sdss_78 138.318950 59.32269 1800 B  495 999 999 
z3qso_sdss_79 138.574340 32.99869 1800 B  495 999 999 
z3qso_sdss_80 138.931820 49.40463 1800 B  495 999 999 
z3qso_sdss_81 140.570050 26.89972 1800 B  495 999 999 
z3qso_sdss_82 140.764740 2.79431 1800 B  495 999 999 
z3qso_sdss_83 143.278670 33.43240 1800 B  495 999 999 
z3qso_sdss_84 143.391080 5.31111 1800 B  495 999 999 
z3qso_sdss_85 143.553570 29.75677 1800 B  495 999 999 
z3qso_sdss_86 143.721760 46.95495 1800 B  495 999 999 
z3qso_sdss_87 143.785400 8.02070 1800 B  495 999 999 
z3qso_sdss_88 143.847150 41.25515 1800 B  495 999 999 
z3qso_sdss_89 144.219190 40.26284 1800 B  495 999 999 
z3qso_sdss_90 144.823230 27.45366 1800 B  495 999 999 
z3qso_sdss_91 145.233380 58.80840 1800 B  495 999 999 
z3qso_sdss_92 145.284840 59.79049 1800 B  495 999 999 
z3qso_sdss_93 145.536990 67.07791 1800 B  495 999 999 
z3qso_sdss_94 146.036740 43.74085 1800 B  495 999 999 
z3qso_sdss_95 146.039690 10.11574 1800 B  495 999 999 
z3qso_sdss_96 146.073720 45.13335 1800 B  495 999 999 
z3qso_sdss_97 146.519970 18.59436 1800 B  495 999 999 
z3qso_sdss_98 147.249940 49.53893 1800 B  495 999 999 
z3qso_sdss_99 147.891570 19.17353 1800 B  495 999 999 
z3qso_sdss_100 147.963270 59.76561 1800 B  495 999 999 
z3qso_sdss_101 149.104860 47.57848 1800 B  495 999 999 
z3qso_sdss_102 149.133480 32.27018 1800 B  495 999 999 
z3qso_sdss_103 149.282000 6.18322 1800 B  495 999 999 
z3qso_sdss_104 150.182400 21.05741 1800 B  495 999 999 
z3qso_sdss_105 150.713350 22.52642 1800 B  495 999 999 
z3qso_sdss_106 151.067200 43.79419 1800 B  495 999 999 
z3qso_sdss_107 151.184620 20.42224 1800 B  495 999 999 
z3qso_sdss_108 151.206620 40.76500 1800 B  495 999 999 
z3qso_sdss_109 151.689960 46.45478 1800 B  495 999 999 
z3qso_sdss_110 152.053680 34.49899 1800 B  495 999 999 
z3qso_sdss_111 152.527310 7.52492 1800 B  495 999 999 
z3qso_sdss_112 152.720790 53.19576 1800 B  495 999 999 
z3qso_sdss_113 152.723050 64.80888 1800 B  495 999 999 
z3qso_sdss_114 153.223830 28.75846 1800 B  495 999 999 
z3qso_sdss_115 153.401380 42.67403 1800 B  495 999 999 
z3qso_sdss_116 153.573550 13.57097 1800 B  495 999 999 
z3qso_sdss_117 153.670640 28.64658 1800 B  495 999 999 
z3qso_sdss_118 153.954190 0.33890 1800 B  495 999 999 
z3qso_sdss_119 154.210660 13.01196 1800 B  495 999 999 
z3qso_sdss_120 154.275070 18.67055 1800 B  495 999 999 
z3qso_sdss_121 154.498470 3.46109 1800 B  495 999 999 
z3qso_sdss_122 154.668590 28.83353 1800 B  495 999 999 
z3qso_sdss_123 154.685070 45.41798 1800 B  495 999 999 
z3qso_sdss_124 154.882140 34.98820 1800 B  495 999 999 
z3qso_sdss_125 155.541850 22.87373 1800 B  495 999 999 
z3qso_sdss_126 155.883640 63.58557 1800 B  495 999 999 
z3qso_sdss_127 155.929730 55.52566 1800 B  495 999 999 
z3qso_sdss_128 155.945590 47.14896 1800 B  495 999 999 
z3qso_sdss_129 156.595310 47.31867 1800 B  495 999 999 
z3qso_sdss_130 156.598420 25.71655 1800 B  495 999 999 
z3qso_sdss_131 157.383650 16.89854 1800 B  495 999 999 
z3qso_sdss_132 158.398150 12.56168 1800 B  495 999 999 
z3qso_sdss_133 158.577710 20.55006 1800 B  495 999 999 
z3qso_sdss_134 159.004300 50.14216 1800 B  495 999 999 
z3qso_sdss_135 159.296040 31.57598 1800 B  495 999 999 
z3qso_sdss_136 159.830340 34.75127 1800 B  495 999 999 
z3qso_sdss_137 159.938420 22.02547 1800 B  495 999 999 
z3qso_sdss_138 160.033770 65.24149 1800 B  495 999 999 
z3qso_sdss_139 160.171230 16.37608 1800 B  495 999 999 
z3qso_sdss_140 160.336760 27.38564 1800 B  495 999 999 
z3qso_sdss_141 160.395690 24.29135 1800 B  495 999 999 
z3qso_sdss_142 160.676700 31.12033 1800 B  495 999 999 
z3qso_sdss_143 160.856490 40.81375 1800 B  495 999 999 
z3qso_sdss_144 160.963300 65.11324 1800 B  495 999 999 
z3qso_sdss_145 161.026460 18.34551 1800 B  495 999 999 
z3qso_sdss_146 162.585040 26.33397 1800 B  495 999 999 
z3qso_sdss_147 162.651950 58.07352 1800 B  495 999 999 
z3qso_sdss_148 162.845990 35.75954 1800 B  495 999 999 
z3qso_sdss_149 163.156040 16.68581 1800 B  495 999 999 
z3qso_sdss_150 163.231090 38.61394 1800 B  495 999 999 
z3qso_sdss_151 163.345780 58.07004 1800 B  495 999 999 
z3qso_sdss_152 163.689300 16.56040 1800 B  495 999 999 
z3qso_sdss_153 163.762330 40.40983 1800 B  495 999 999 
z3qso_sdss_154 164.769120 45.80638 1800 B  495 999 999 
z3qso_sdss_155 164.830090 2.57465 1800 B  495 999 999 
z3qso_sdss_156 164.902880 41.22695 1800 B  495 999 999 
z3qso_sdss_157 165.174850 58.00027 1800 B  495 999 999 
z3qso_sdss_158 165.188480 11.37754 1800 B  495 999 999 
z3qso_sdss_159 165.393170 5.52607 1800 B  495 999 999 
z3qso_sdss_160 165.462050 24.15624 1800 B  495 999 999 
z3qso_sdss_161 165.571460 38.18010 1800 B  495 999 999 
z3qso_sdss_162 165.696990 66.58868 1800 B  495 999 999 
z3qso_sdss_163 165.959610 24.86297 1800 B  495 999 999 
z3qso_sdss_164 166.619480 55.68188 1800 B  495 999 999 
z3qso_sdss_165 166.938520 24.47679 1800 B  495 999 999 
z3qso_sdss_166 167.079820 -0.97333 1800 B  495 999 999 
z3qso_sdss_167 167.670610 27.92296 1800 B  495 999 999 
z3qso_sdss_168 168.444950 44.55042 1800 B  495 999 999 
z3qso_sdss_169 168.493010 2.89268 1800 B  495 999 999 
z3qso_sdss_170 168.506150 -0.88922 1800 B  495 999 999 
z3qso_sdss_171 168.846830 8.48846 1800 B  495 999 999 
z3qso_sdss_172 169.206380 35.57622 1800 B  495 999 999 
z3qso_sdss_173 169.308820 54.15550 1800 B  495 999 999 
z3qso_sdss_174 169.421940 26.17757 1800 B  495 999 999 
z3qso_sdss_175 169.836000 34.88004 1800 B  495 999 999 
z3qso_sdss_176 170.722950 0.89161 1800 B  495 999 999 
z3qso_sdss_177 170.824300 25.58511 1800 B  495 999 999 
z3qso_sdss_178 170.987080 27.35264 1800 B  495 999 999 
z3qso_sdss_179 171.006880 15.57620 1800 B  495 999 999 
z3qso_sdss_180 171.211170 36.61956 1800 B  495 999 999 
z3qso_sdss_181 171.395580 38.03037 1800 B  495 999 999 
z3qso_sdss_182 171.658200 17.58293 1800 B  495 999 999 
z3qso_sdss_183 171.812090 35.93716 1800 B  495 999 999 
z3qso_sdss_184 171.970990 34.05191 1800 B  495 999 999 
z3qso_sdss_185 172.183810 39.89340 1800 B  495 999 999 
z3qso_sdss_186 172.241030 57.98606 1800 B  495 999 999 
z3qso_sdss_187 172.465620 39.78359 1800 B  495 999 999 
z3qso_sdss_188 172.483720 -1.70346 1800 B  495 999 999 
z3qso_sdss_189 173.193770 12.15047 1800 B  495 999 999 
z3qso_sdss_190 173.563370 39.47392 1800 B  495 999 999 
z3qso_sdss_191 173.721730 30.79323 1800 B  495 999 999 
z3qso_sdss_192 174.263290 10.72003 1800 B  495 999 999 
z3qso_sdss_193 175.036130 62.09167 1800 B  495 999 999 
z3qso_sdss_194 175.605450 11.03817 1800 B  495 999 999 
z3qso_sdss_195 175.801250 42.19451 1800 B  495 999 999 
z3qso_sdss_196 176.097030 67.83160 1800 B  495 999 999 
z3qso_sdss_197 176.202270 5.95273 1800 B  495 999 999 
z3qso_sdss_198 176.740800 40.61907 1800 B  495 999 999 
z3qso_sdss_199 177.060850 18.07679 1800 B  495 999 999 
z3qso_sdss_200 177.109040 30.33870 1800 B  495 999 999 
z3qso_sdss_201 177.312030 28.21910 1800 B  495 999 999 
z3qso_sdss_202 177.992740 3.06158 1800 B  495 999 999 
z3qso_sdss_203 178.582990 23.56591 1800 B  495 999 999 
z3qso_sdss_204 178.603060 13.69605 1800 B  495 999 999 
z3qso_sdss_205 179.437320 22.29859 1800 B  495 999 999 
z3qso_sdss_206 179.476040 -1.63773 1800 B  495 999 999 
z3qso_sdss_207 179.539120 63.71469 1800 B  495 999 999 
z3qso_sdss_208 179.842530 26.48764 1800 B  495 999 999 
z3qso_sdss_209 180.018100 8.16384 1800 B  495 999 999 
z3qso_sdss_210 180.153030 46.31397 1800 B  495 999 999 
z3qso_sdss_211 180.231720 18.29250 1800 B  495 999 999 
z3qso_sdss_212 180.241810 37.21057 1800 B  495 999 999 
z3qso_sdss_213 180.258390 7.61338 1800 B  495 999 999 
z3qso_sdss_214 180.292970 21.29959 1800 B  495 999 999 
z3qso_sdss_215 180.381530 5.58614 1800 B  495 999 999 
z3qso_sdss_216 180.532420 32.59412 1800 B  495 999 999 
z3qso_sdss_217 180.696780 7.28945 1800 B  495 999 999 
z3qso_sdss_218 180.735170 7.34415 1800 B  495 999 999 
z3qso_sdss_219 181.173890 -0.36378 1800 B  495 999 999 
z3qso_sdss_220 181.443300 26.67394 1800 B  495 999 999 
z3qso_sdss_221 181.814390 59.89526 1800 B  495 999 999 
z3qso_sdss_222 181.855330 32.25846 1800 B  495 999 999 
z3qso_sdss_223 181.878540 15.56059 1800 B  495 999 999 
z3qso_sdss_224 182.219440 21.17611 1800 B  495 999 999 
z3qso_sdss_225 182.469700 18.52978 1800 B  495 999 999 
z3qso_sdss_226 182.841890 37.90082 1800 B  495 999 999 
z3qso_sdss_227 182.891850 48.70998 1800 B  495 999 999 
z3qso_sdss_228 183.540950 3.91078 1800 B  495 999 999 
z3qso_sdss_229 183.591770 66.95210 1800 B  495 999 999 
z3qso_sdss_230 183.699280 27.64554 1800 B  495 999 999 
z3qso_sdss_231 184.031600 41.94833 1800 B  495 999 999 
z3qso_sdss_232 184.153150 13.76272 1800 B  495 999 999 
z3qso_sdss_233 184.551620 44.76237 1800 B  495 999 999 
z3qso_sdss_234 185.061390 32.42732 1800 B  495 999 999 
z3qso_sdss_235 185.066910 31.88141 1800 B  495 999 999 
z3qso_sdss_236 185.175000 44.70508 1800 B  495 999 999 
z3qso_sdss_237 185.256010 48.60373 1800 B  495 999 999 
z3qso_sdss_238 185.443420 44.75779 1800 B  495 999 999 
z3qso_sdss_239 185.658190 19.97860 1800 B  495 999 999 
z3qso_sdss_240 185.848800 20.80512 1800 B  495 999 999 
z3qso_sdss_241 186.443730 30.56267 1800 B  495 999 999 
z3qso_sdss_242 187.024920 28.86746 1800 B  495 999 999 
z3qso_sdss_243 187.660230 28.74368 1800 B  495 999 999 
z3qso_sdss_244 188.389480 6.37617 1800 B  495 999 999 
z3qso_sdss_245 188.614290 29.44943 1800 B  495 999 999 
z3qso_sdss_246 188.718980 36.19629 1800 B  495 999 999 
z3qso_sdss_247 188.762660 -0.05881 1800 B  495 999 999 
z3qso_sdss_248 189.095960 18.40994 1800 B  495 999 999 
z3qso_sdss_249 189.842560 35.06869 1800 B  495 999 999 
z3qso_sdss_250 189.904890 67.67246 1800 B  495 999 999 
z3qso_sdss_251 190.433930 3.80259 1800 B  495 999 999 
z3qso_sdss_252 190.627430 54.38261 1800 B  495 999 999 
z3qso_sdss_253 190.684050 32.29488 1800 B  495 999 999 
z3qso_sdss_254 190.699650 52.21857 1800 B  495 999 999 
z3qso_sdss_255 191.000180 55.56857 1800 B  495 999 999 
z3qso_sdss_256 191.292210 43.81053 1800 B  495 999 999 
z3qso_sdss_257 191.314450 38.37987 1800 B  495 999 999 
z3qso_sdss_258 192.605870 18.58282 1800 B  495 999 999 
z3qso_sdss_259 192.986040 33.34894 1800 B  495 999 999 
z3qso_sdss_260 193.472290 10.76756 1800 B  495 999 999 
z3qso_sdss_261 194.316760 48.33014 1800 B  495 999 999 
z3qso_sdss_262 194.325120 37.79164 1800 B  495 999 999 
z3qso_sdss_263 194.712200 61.96067 1800 B  495 999 999 
z3qso_sdss_264 194.982160 47.28316 1800 B  495 999 999 
z3qso_sdss_265 195.009020 1.30640 1800 B  495 999 999 
z3qso_sdss_266 195.295640 25.46064 1800 B  495 999 999 
z3qso_sdss_267 195.468990 22.17005 1800 B  495 999 999 
z3qso_sdss_268 195.565490 55.09821 1800 B  495 999 999 
z3qso_sdss_269 195.567210 0.50893 1800 B  495 999 999 
z3qso_sdss_270 195.867840 21.73925 1800 B  495 999 999 
z3qso_sdss_271 195.885070 62.31674 1800 B  495 999 999 
z3qso_sdss_272 196.580780 2.61637 1800 B  495 999 999 
z3qso_sdss_273 196.843510 46.09039 1800 B  495 999 999 
z3qso_sdss_274 197.321370 16.96625 1800 B  495 999 999 
z3qso_sdss_275 197.465900 55.17555 1800 B  495 999 999 
z3qso_sdss_276 197.736920 10.92504 1800 B  495 999 999 
z3qso_sdss_277 197.838850 22.46075 1800 B  495 999 999 
z3qso_sdss_278 198.142000 23.12121 1800 B  495 999 999 
z3qso_sdss_279 198.620710 28.31119 1800 B  495 999 999 
z3qso_sdss_280 199.206920 56.96301 1800 B  495 999 999 
z3qso_sdss_281 199.300740 27.47218 1800 B  495 999 999 
z3qso_sdss_282 199.405320 11.09253 1800 B  495 999 999 
z3qso_sdss_283 199.558460 34.30156 1800 B  495 999 999 
z3qso_sdss_284 200.295070 0.63938 1800 B  495 999 999 
z3qso_sdss_285 200.401990 30.57644 1800 B  495 999 999 
z3qso_sdss_286 200.770520 13.90507 1800 B  495 999 999 
z3qso_sdss_287 201.302050 11.39160 1800 B  495 999 999 
z3qso_sdss_288 201.401020 23.47328 1800 B  495 999 999 
z3qso_sdss_289 201.990910 24.07271 1800 B  495 999 999 
z3qso_sdss_290 202.035580 20.44835 1800 B  495 999 999 
z3qso_sdss_291 202.104860 44.75007 1800 B  495 999 999 
z3qso_sdss_292 202.223600 -2.41157 1800 B  495 999 999 
z3qso_sdss_293 202.347560 23.73854 1800 B  495 999 999 
z3qso_sdss_294 202.856520 2.92654 1800 B  495 999 999 
z3qso_sdss_295 202.984590 7.54468 1800 B  495 999 999 
z3qso_sdss_296 203.016110 55.51807 1800 B  495 999 999 
z3qso_sdss_297 203.049580 3.26564 1800 B  495 999 999 
z3qso_sdss_298 203.208710 46.85239 1800 B  495 999 999 
z3qso_sdss_299 203.246280 53.34118 1800 B  495 999 999 
z3qso_sdss_300 203.268740 60.79338 1800 B  495 999 999 
z3qso_sdss_301 203.552340 12.33908 1800 B  495 999 999 
z3qso_sdss_302 203.594330 47.84267 1800 B  495 999 999 
z3qso_sdss_303 204.337160 56.55806 1800 B  495 999 999 
z3qso_sdss_304 204.370060 41.92774 1800 B  495 999 999 
z3qso_sdss_305 204.681930 20.54522 1800 B  495 999 999 
z3qso_sdss_306 205.050540 20.20543 1800 B  495 999 999 
z3qso_sdss_307 205.062640 39.44188 1800 B  495 999 999 
z3qso_sdss_308 205.167680 28.22449 1800 B  495 999 999 
z3qso_sdss_309 205.235570 11.17916 1800 B  495 999 999 
z3qso_sdss_310 205.272550 23.54852 1800 B  495 999 999 
z3qso_sdss_311 205.323300 51.64886 1800 B  495 999 999 
z3qso_sdss_312 205.392490 1.69937 1800 B  495 999 999 
z3qso_sdss_313 205.422740 46.18620 1800 B  495 999 999 
z3qso_sdss_314 205.475080 35.16825 1800 B  495 999 999 
z3qso_sdss_315 205.681140 58.64722 1800 B  495 999 999 
z3qso_sdss_316 206.035890 15.35695 1800 B  495 999 999 
z3qso_sdss_317 206.222960 29.75545 1800 B  495 999 999 
z3qso_sdss_318 206.360920 23.49705 1800 B  495 999 999 
z3qso_sdss_319 206.445690 -1.99455 1800 B  495 999 999 
z3qso_sdss_320 206.930390 49.93925 1800 B  495 999 999 
z3qso_sdss_321 206.962430 63.55872 1800 B  495 999 999 
z3qso_sdss_322 207.082820 18.32384 1800 B  495 999 999 
z3qso_sdss_323 207.131940 17.36083 1800 B  495 999 999 
z3qso_sdss_324 207.292020 21.36908 1800 B  495 999 999 
z3qso_sdss_325 207.741100 -0.73203 1800 B  495 999 999 
z3qso_sdss_326 207.864730 47.39597 1800 B  495 999 999 
z3qso_sdss_327 207.898790 28.67078 1800 B  495 999 999 
z3qso_sdss_328 208.178100 49.51271 1800 B  495 999 999 
z3qso_sdss_329 208.207550 -3.23176 1800 B  495 999 999 
z3qso_sdss_330 208.595830 -0.65168 1800 B  495 999 999 
z3qso_sdss_331 208.948850 18.33271 1800 B  495 999 999 
z3qso_sdss_332 210.443890 2.74298 1800 B  495 999 999 
z3qso_sdss_333 210.750980 43.46818 1800 B  495 999 999 
z3qso_sdss_334 210.925310 12.88127 1800 B  495 999 999 
z3qso_sdss_335 211.019330 3.23442 1800 B  495 999 999 
z3qso_sdss_336 211.263720 33.69719 1800 B  495 999 999 
z3qso_sdss_337 211.914110 60.51003 1800 B  495 999 999 
z3qso_sdss_338 212.395840 12.44926 1800 B  495 999 999 
z3qso_sdss_339 213.041530 6.40192 1800 B  495 999 999 
z3qso_sdss_340 213.668840 33.32961 1800 B  495 999 999 
z3qso_sdss_341 213.895460 3.52561 1800 B  495 999 999 
z3qso_sdss_342 214.666630 31.71224 1800 B  495 999 999 
z3qso_sdss_343 214.809110 -1.83685 1800 B  495 999 999 
z3qso_sdss_344 215.107320 61.91947 1800 B  495 999 999 
z3qso_sdss_345 215.195360 10.03510 1800 B  495 999 999 
z3qso_sdss_346 215.265960 34.55890 1800 B  495 999 999 
z3qso_sdss_347 215.437450 35.22097 1800 B  495 999 999 
z3qso_sdss_348 215.858020 13.05019 1800 B  495 999 999 
z3qso_sdss_349 216.358750 8.45512 1800 B  495 999 999 
z3qso_sdss_350 216.399900 -2.65956 1800 B  495 999 999 
z3qso_sdss_351 216.643050 20.72677 1800 B  495 999 999 
z3qso_sdss_352 216.774430 33.13832 1800 B  495 999 999 
z3qso_sdss_353 217.398130 43.94139 1800 B  495 999 999 
z3qso_sdss_354 217.516510 14.73191 1800 B  495 999 999 
z3qso_sdss_355 217.593110 56.95347 1800 B  495 999 999 
z3qso_sdss_356 218.467540 2.45388 1800 B  495 999 999 
z3qso_sdss_357 218.786730 48.92250 1800 B  495 999 999 
z3qso_sdss_358 218.994890 21.78128 1800 B  495 999 999 
z3qso_sdss_359 219.020840 21.54424 1800 B  495 999 999 
z3qso_sdss_360 219.124760 6.58556 1800 B  495 999 999 
z3qso_sdss_361 219.465940 23.38705 1800 B  495 999 999 
z3qso_sdss_362 219.649800 43.24980 1800 B  495 999 999 
z3qso_sdss_363 219.710360 5.93962 1800 B  495 999 999 
z3qso_sdss_364 220.122710 19.13351 1800 B  495 999 999 
z3qso_sdss_365 220.177020 8.36721 1800 B  495 999 999 
z3qso_sdss_366 220.632160 1.18204 1800 B  495 999 999 
z3qso_sdss_367 220.655940 30.82263 1800 B  495 999 999 
z3qso_sdss_368 220.879880 27.41021 1800 B  495 999 999 
z3qso_sdss_369 220.961120 36.38754 1800 B  495 999 999 
z3qso_sdss_370 220.970600 6.09255 1800 B  495 999 999 
z3qso_sdss_371 221.031800 -1.03132 1800 B  495 999 999 
z3qso_sdss_372 221.824910 4.02013 1800 B  495 999 999 
z3qso_sdss_373 221.892090 10.42033 1800 B  495 999 999 
z3qso_sdss_374 222.115890 28.18320 1800 B  495 999 999 
z3qso_sdss_375 222.222050 19.03494 1800 B  495 999 999 
z3qso_sdss_376 222.783070 2.93768 1800 B  495 999 999 
z3qso_sdss_377 223.053600 2.59066 1800 B  495 999 999 
z3qso_sdss_378 223.700320 22.15685 1800 B  495 999 999 
z3qso_sdss_379 224.525010 33.45640 1800 B  495 999 999 
z3qso_sdss_380 225.116230 43.70025 1800 B  495 999 999 
z3qso_sdss_381 226.632320 11.53046 1800 B  495 999 999 
z3qso_sdss_382 226.877580 55.61972 1800 B  495 999 999 
z3qso_sdss_383 227.009540 43.11262 1800 B  495 999 999 
z3qso_sdss_384 227.143100 50.87969 1800 B  495 999 999 
z3qso_sdss_385 227.198330 57.25038 1800 B  495 999 999 
z3qso_sdss_386 227.647050 51.81142 1800 B  495 999 999 
z3qso_sdss_387 227.980640 49.95661 1800 B  495 999 999 
z3qso_sdss_388 227.983260 4.13417 1800 B  495 999 999 
z3qso_sdss_389 228.226550 -0.94350 1800 B  495 999 999 
z3qso_sdss_390 228.337070 10.96870 1800 B  495 999 999 
z3qso_sdss_391 228.519930 47.63774 1800 B  495 999 999 
z3qso_sdss_392 228.927860 40.71977 1800 B  495 999 999 
z3qso_sdss_393 229.004200 13.76252 1800 B  495 999 999 
z3qso_sdss_394 229.252370 24.63723 1800 B  495 999 999 
z3qso_sdss_395 229.329560 49.00091 1800 B  495 999 999 
z3qso_sdss_396 230.024720 23.66473 1800 B  495 999 999 
z3qso_sdss_397 230.117340 21.01101 1800 B  495 999 999 
z3qso_sdss_398 230.662250 46.71857 1800 B  495 999 999 
z3qso_sdss_399 230.949550 31.92424 1800 B  495 999 999 
z3qso_sdss_400 231.017620 13.73820 1800 B  495 999 999 
z3qso_sdss_401 231.194840 16.36909 1800 B  495 999 999 
z3qso_sdss_402 231.658840 6.23403 1800 B  495 999 999 
z3qso_sdss_403 231.782410 41.90150 1800 B  495 999 999 
z3qso_sdss_404 231.918840 -1.10076 1800 B  495 999 999 
z3qso_sdss_405 232.285800 2.50379 1800 B  495 999 999 
z3qso_sdss_406 233.748990 13.45039 1800 B  495 999 999 
z3qso_sdss_407 232.603420 24.32025 1800 B  495 999 999 
z3qso_sdss_408 233.197590 22.61783 1800 B  495 999 999 
z3qso_sdss_409 233.286070 30.30577 1800 B  495 999 999 
z3qso_sdss_410 233.594790 57.19459 1800 B  495 999 999 
z3qso_sdss_411 234.112870 14.62143 1800 B  495 999 999 
z3qso_sdss_412 234.209410 50.13621 1800 B  495 999 999 
z3qso_sdss_413 234.314290 7.35798 1800 B  495 999 999 
z3qso_sdss_414 234.586870 14.61292 1800 B  495 999 999 
z3qso_sdss_415 235.918240 34.29568 1800 B  495 999 999 
z3qso_sdss_416 235.970540 33.63321 1800 B  495 999 999 
z3qso_sdss_417 236.895610 44.78123 1800 B  495 999 999 
z3qso_sdss_418 237.059190 20.48572 1800 B  495 999 999 
z3qso_sdss_419 237.174010 35.36168 1800 B  495 999 999 
z3qso_sdss_420 237.713350 11.07193 1800 B  495 999 999 
z3qso_sdss_421 238.179340 25.87479 1800 B  495 999 999 
z3qso_sdss_422 238.329640 32.99929 1800 B  495 999 999 
z3qso_sdss_423 238.408650 39.37163 1800 B  495 999 999 
z3qso_sdss_424 238.609010 19.61752 1800 B  495 999 999 
z3qso_sdss_425 239.250700 10.31160 1800 B  495 999 999 
z3qso_sdss_426 239.361430 24.35452 1800 B  495 999 999 
z3qso_sdss_427 244.688600 45.88266 1800 B  495 999 999 
z3qso_sdss_428 240.333760 37.83027 1800 B  495 999 999 
z3qso_sdss_429 240.522090 37.76825 1800 B  495 999 999 
z3qso_sdss_430 240.533190 52.62164 1800 B  495 999 999 
z3qso_sdss_431 240.871410 9.03838 1800 B  495 999 999 
z3qso_sdss_432 240.902710 35.14008 1800 B  495 999 999 
z3qso_sdss_433 240.966030 34.92151 1800 B  495 999 999 
z3qso_sdss_434 241.084690 50.79361 1800 B  495 999 999 
z3qso_sdss_435 241.255040 -1.20575 1800 B  495 999 999 
z3qso_sdss_436 241.317340 21.11071 1800 B  495 999 999 
z3qso_sdss_437 241.712570 8.84375 1800 B  495 999 999 
z3qso_sdss_438 241.892610 16.07151 1800 B  495 999 999 
z3qso_sdss_439 242.773530 8.74318 1800 B  495 999 999 
z3qso_sdss_440 243.604720 46.67471 1800 B  495 999 999 
z3qso_sdss_441 243.695980 20.98416 1800 B  495 999 999 
z3qso_sdss_442 244.067780 51.56027 1800 B  495 999 999 
z3qso_sdss_443 244.092100 5.02437 1800 B  495 999 999 
z3qso_sdss_444 244.254900 16.60436 1800 B  495 999 999 
z3qso_sdss_445 244.746090 26.50009 1800 B  495 999 999 
z3qso_sdss_446 244.881620 12.64569 1800 B  495 999 999 
z3qso_sdss_447 245.496250 31.16827 1800 B  495 999 999 
z3qso_sdss_448 246.187670 27.23855 1800 B  495 999 999 
z3qso_sdss_449 246.343220 12.55556 1800 B  495 999 999 
z3qso_sdss_450 246.610410 27.85903 1800 B  495 999 999 
z3qso_sdss_451 246.597430 48.69346 1800 B  495 999 999 
z3qso_sdss_452 246.621630 28.98265 1800 B  495 999 999 
z3qso_sdss_453 247.169300 20.76282 1800 B  495 999 999 
z3qso_sdss_454 247.317370 33.62070 1800 B  495 999 999 
z3qso_sdss_455 258.791530 29.76530 1800 B  495 999 999 
z3qso_sdss_456 248.549260 21.89030 1800 B  495 999 999 
z3qso_sdss_457 249.153870 31.95476 1800 B  495 999 999 
z3qso_sdss_458 251.730770 31.27515 1800 B  495 999 999 
z3qso_sdss_459 253.477570 40.90061 1800 B  495 999 999 
z3qso_sdss_460 253.653560 22.45939 1800 B  495 999 999 
z3qso_sdss_461 254.758830 27.15977 1800 B  495 999 999 
z3qso_sdss_462 254.805150 21.02106 1800 B  495 999 999 
z3qso_sdss_463 255.725920 24.56157 1800 B  495 999 999 
z3qso_sdss_464 256.103240 25.37685 1800 B  495 999 999 
z3qso_sdss_465 257.020450 60.36722 1800 B  495 999 999 
z3qso_sdss_466 257.560490 59.39068 1800 B  495 999 999 
z3qso_sdss_467 258.656950 27.37329 1800 B  495 999 999 
z3qso_sdss_468 259.536070 55.25310 1800 B  495 999 999 
z3qso_sdss_469 260.029970 60.47334 1800 B  495 999 999 
z3qso_sdss_470 260.111180 31.07545 1800 B  495 999 999 
z3qso_sdss_471 260.861210 26.34886 1800 B  495 999 999 
z3qso_sdss_472 264.436980 58.47491 1800 B  495 999 999 
z3qso_sdss_473 314.350620 -0.50521 1800 B  495 999 999 
z3qso_sdss_474 322.537260 0.43611 1800 B  495 999 999 
z3qso_sdss_475 326.857150 -8.64297 1800 B  495 999 999 
z3qso_sdss_476 330.036100 0.29583 1800 B  495 999 999 
z3qso_sdss_477 331.008910 -8.82876 1800 B  495 999 999 
z3qso_sdss_478 333.214570 -0.70859 1800 B  495 999 999 
z3qso_sdss_479 334.273830 -0.21881 1800 B  495 999 999 
z3qso_sdss_480 335.211700 0.33310 1800 B  495 999 999 
z3qso_sdss_481 336.288330 -0.23525 1800 B  495 999 999 
z3qso_sdss_482 337.031590 0.59063 1800 B  495 999 999 
z3qso_sdss_483 337.188110 -7.96538 1800 B  495 999 999 
z3qso_sdss_484 338.838440 -8.35757 1800 B  495 999 999 
z3qso_sdss_485 340.448970 13.86743 1800 B  495 999 999 
z3qso_sdss_486 340.731350 12.70714 1800 B  495 999 999 
z3qso_sdss_487 341.221100 13.77547 1800 B  495 999 999 
z3qso_sdss_488 343.193480 14.42385 1800 B  495 999 999 
z3qso_sdss_489 347.544130 -10.11500 1800 B  495 999 999 
z3qso_sdss_490 353.232180 14.32122 1800 B  495 999 999 
z3qso_sdss_491 354.043670 -0.97079 1800 B  495 999 999 
z3qso_sdss_492 355.014650 14.04922 1800 B  495 999 999 
z3qso_sdss_493 357.970030 16.01359 1800 B  495 999 999 
z3qso_sdss_494 358.516050 15.94178 1800 B  495 999 999 
