z4qso_0    28.948734 -6.35359 1800 A  1881 999 999 
z4qso_1    30.361012 -6.79668 1800 A  1881 999 999 
z4qso_2    30.217218 -6.69854 1800 A  1881 999 999 
z4qso_3    29.684889 -6.49595 1800 A  1881 999 999 
z4qso_4    29.717300 -6.29558 1800 A  1881 999 999 
z4qso_5    31.735338 -6.21506 1800 A  1881 999 999 
z4qso_6    31.205889 -6.69726 1800 A  1881 999 999 
z4qso_7    31.225843 -6.61025 1800 A  1881 999 999 
z4qso_8    30.966272 -6.81251 1800 A  1881 999 999 
z4qso_9    33.120728 -6.25364 1800 A  1881 999 999 
z4qso_10   34.862846 -6.01955 1800 A  1881 999 999 
z4qso_11   34.213356 -6.05799 1800 A  1881 999 999 
z4qso_12   33.946053 -6.75776 1800 A  1881 999 999 
z4qso_13   36.576618 -7.00571 1800 A  1881 999 999 
z4qso_14   35.945522 -6.13670 1800 A  1881 999 999 
z4qso_15   35.458038 -5.95311 1800 A  1881 999 999 
z4qso_16   39.383114 -6.06871 1800 A  1881 999 999 
z4qso_17   39.097858 -6.65064 1800 A  1881 999 999 
z4qso_18   39.011532 -6.24539 1800 A  1881 999 999 
z4qso_19   38.921574 -6.23212 1800 A  1881 999 999 
z4qso_20   38.675526 -6.30215 1800 A  1881 999 999 
z4qso_21   38.399319 -6.57596 1800 A  1881 999 999 
z4qso_22   30.326172 -4.89961 1800 A  1881 999 999 
z4qso_23   30.182360 -5.51916 1800 A  1881 999 999 
z4qso_24   29.944468 -5.46113 1800 A  1881 999 999 
z4qso_25   29.652962 -5.74895 1800 A  1881 999 999 
z4qso_26   30.658552 -5.01689 1800 A  1881 999 999 
z4qso_27   30.509996 -5.26798 1800 A  1881 999 999 
z4qso_28   33.399612 -5.70317 1800 A  1881 999 999 
z4qso_29   33.047695 -5.21623 1800 A  1881 999 999 
z4qso_30   32.793377 -4.47047 1800 A  1881 999 999 
z4qso_31   32.016617 -5.71344 1800 A  1881 999 999 
z4qso_32   34.365555 -5.28888 1800 A  1881 999 999 
z4qso_33   34.065636 -5.27368 1800 A  1881 999 999 
z4qso_34   36.183784 -4.66481 1800 A  1881 999 999 
z4qso_35   37.381763 -4.78622 1800 A  1881 999 999 
z4qso_36   36.559826 -5.51271 1800 A  1881 999 999 
z4qso_37   39.274498 -5.30043 1800 A  1881 999 999 
z4qso_38   39.028309 -4.52003 1800 A  1881 999 999 
z4qso_39   38.798115 -5.79321 1800 A  1881 999 999 
z4qso_40   38.784481 -5.01656 1800 A  1881 999 999 
z4qso_41   38.146648 -5.05496 1800 A  1881 999 999 
z4qso_42   39.482613 -5.67875 1800 A  1881 999 999 
z4qso_43   29.114334 -4.31192 1800 A  1881 999 999 
z4qso_44   29.059252 -3.38544 1800 A  1881 999 999 
z4qso_45   33.441303 -3.57325 1800 A  1881 999 999 
z4qso_46   33.153812 -3.90624 1800 A  1881 999 999 
z4qso_47   32.438488 -3.79822 1800 A  1881 999 999 
z4qso_48   32.055283 -3.13483 1800 A  1881 999 999 
z4qso_49   36.322090 -4.30244 1800 A  1881 999 999 
z4qso_50   35.559422 -4.24898 1800 A  1881 999 999 
z4qso_51   39.278751 -3.14319 1800 A  1881 999 999 
z4qso_52   39.072025 -3.68878 1800 A  1881 999 999 
z4qso_53   38.035034 -3.06073 1800 A  1881 999 999 
z4qso_54   39.445324 -4.28146 1800 A  1881 999 999 
z4qso_55   30.187267 -1.62996 1800 A  1881 999 999 
z4qso_56   29.886051 -2.69739 1800 A  1881 999 999 
z4qso_57   29.948664 -2.67061 1800 A  1881 999 999 
z4qso_58   29.712461 -1.80570 1800 A  1881 999 999 
z4qso_59   31.037985 -2.40422 1800 A  1881 999 999 
z4qso_60   30.816452 -2.17294 1800 A  1881 999 999 
z4qso_61   33.460835 -2.52064 1800 A  1881 999 999 
z4qso_62   32.557549 -2.01982 1800 A  1881 999 999 
z4qso_63   32.136520 -2.34263 1800 A  1881 999 999 
z4qso_64   32.232220 -2.22317 1800 A  1881 999 999 
z4qso_65   32.110783 -2.13376 1800 A  1881 999 999 
z4qso_66   34.692440 -2.31091 1800 A  1881 999 999 
z4qso_67   34.262226 -2.27310 1800 A  1881 999 999 
z4qso_68   33.816422 -2.88879 1800 A  1881 999 999 
z4qso_69   33.848854 -2.73545 1800 A  1881 999 999 
z4qso_70   36.222057 -2.24701 1800 A  1881 999 999 
z4qso_71   35.476112 -2.27428 1800 A  1881 999 999 
z4qso_72   35.204548 -1.54213 1800 A  1881 999 999 
z4qso_73   36.731327 -1.59346 1800 A  1881 999 999 
z4qso_74   39.192638 -1.83220 1800 A  1881 999 999 
z4qso_75   38.041462 -2.26665 1800 A  1881 999 999 
z4qso_76   135.633041 -1.54505 1800 A  1881 999 999 
z4qso_77   134.978363 -2.06980 1800 A  1881 999 999 
z4qso_78   136.437393 -1.90315 1800 A  1881 999 999 
z4qso_79   139.027390 -1.77130 1800 A  1881 999 999 
z4qso_80   139.850891 -2.29028 1800 A  1881 999 999 
z4qso_81   177.555023 -1.59852 1800 A  1881 999 999 
z4qso_82   177.393570 -1.85594 1800 A  1881 999 999 
z4qso_83   179.107056 -1.85935 1800 A  1881 999 999 
z4qso_84   178.378296 -1.68426 1800 A  1881 999 999 
z4qso_85   180.025620 -1.54471 1800 A  1881 999 999 
z4qso_86   181.773911 -1.56580 1800 A  1881 999 999 
z4qso_87   181.574280 -2.02416 1800 A  1881 999 999 
z4qso_88   182.568573 -1.72834 1800 A  1881 999 999 
z4qso_89   209.942474 -1.82438 1800 A  1881 999 999 
z4qso_90   211.979416 -1.87379 1800 A  1881 999 999 
z4qso_91   211.829391 -1.62634 1800 A  1881 999 999 
z4qso_92   211.118118 -2.08928 1800 A  1881 999 999 
z4qso_93   212.243637 -1.61430 1800 A  1881 999 999 
z4qso_94   214.321503 -2.31588 1800 A  1881 999 999 
z4qso_95   218.979950 -1.52232 1800 A  1881 999 999 
z4qso_96   218.729889 -1.75208 1800 A  1881 999 999 
z4qso_97   218.507751 -1.59117 1800 A  1881 999 999 
z4qso_98   218.391830 -1.52908 1800 A  1881 999 999 
z4qso_99   222.272339 -1.91741 1800 A  1881 999 999 
z4qso_100  223.638596 -1.99578 1800 A  1881 999 999 
z4qso_101  225.138306 -1.81443 1800 A  1881 999 999 
z4qso_102  225.026962 -1.71965 1800 A  1881 999 999 
z4qso_103  224.705948 -2.23892 1800 A  1881 999 999 
z4qso_104  224.230484 -2.00451 1800 A  1881 999 999 
z4qso_105  129.076035 -0.78267 1800 A  1881 999 999 
z4qso_106  128.858032 -0.04481 1800 A  1881 999 999 
z4qso_107  130.493744 -0.44997 1800 A  1881 999 999 
z4qso_108  129.797958 -1.11412 1800 A  1881 999 999 
z4qso_109  131.442307 -0.80485 1800 A  1881 999 999 
z4qso_110  133.881180 -0.49103 1800 A  1881 999 999 
z4qso_111  135.531387 -0.18500 1800 A  1881 999 999 
z4qso_112  134.717682 -1.27545 1800 A  1881 999 999 
z4qso_113  136.868958 -0.94217 1800 A  1881 999 999 
z4qso_114  135.774200 -0.63932 1800 A  1881 999 999 
z4qso_115  137.434845 -1.22646 1800 A  1881 999 999 
z4qso_116  137.388382 -0.60528 1800 A  1881 999 999 
z4qso_117  137.330154 -0.11840 1800 A  1881 999 999 
z4qso_118  137.203415 -0.59418 1800 A  1881 999 999 
z4qso_119  139.892654 -1.36783 1800 A  1881 999 999 
z4qso_120  139.839844 -0.94063 1800 A  1881 999 999 
z4qso_121  139.152222 -1.46954 1800 A  1881 999 999 
z4qso_122  141.049988 -1.45793 1800 A  1881 999 999 
z4qso_123  176.150818 -1.15483 1800 A  1881 999 999 
z4qso_124  175.829315 -0.61318 1800 A  1881 999 999 
z4qso_125  175.594986 -1.43544 1800 A  1881 999 999 
z4qso_126  178.095779 -1.46409 1800 A  1881 999 999 
z4qso_127  178.031464 -0.05990 1800 A  1881 999 999 
z4qso_128  179.320160 -1.08436 1800 A  1881 999 999 
z4qso_129  179.051331 -0.88859 1800 A  1881 999 999 
z4qso_130  178.640656 -0.15960 1800 A  1881 999 999 
z4qso_131  181.250702 -1.37182 1800 A  1881 999 999 
z4qso_132  181.330032 -1.23702 1800 A  1881 999 999 
z4qso_133  180.581543 -1.18473 1800 A  1881 999 999 
z4qso_134  180.581055 -0.25934 1800 A  1881 999 999 
z4qso_135  182.797897 -1.05440 1800 A  1881 999 999 
z4qso_136  182.628387 -1.28387 1800 A  1881 999 999 
z4qso_137  211.094131 -1.10179 1800 A  1881 999 999 
z4qso_138  210.681549 -0.69371 1800 A  1881 999 999 
z4qso_139  210.621689 -0.30489 1800 A  1881 999 999 
z4qso_140  209.774429 -0.28069 1800 A  1881 999 999 
z4qso_141  212.490005 -1.15000 1800 A  1881 999 999 
z4qso_142  211.908508 -0.66844 1800 A  1881 999 999 
z4qso_143  212.688461 -0.48104 1800 A  1881 999 999 
z4qso_144  212.665390 -0.34353 1800 A  1881 999 999 
z4qso_145  215.481567 -0.83260 1800 A  1881 999 999 
z4qso_146  215.173965 -1.19735 1800 A  1881 999 999 
z4qso_147  214.952484 -0.23848 1800 A  1881 999 999 
z4qso_148  214.614197 -1.29802 1800 A  1881 999 999 
z4qso_149  214.433029 -0.55789 1800 A  1881 999 999 
z4qso_150  214.291733 -1.27510 1800 A  1881 999 999 
z4qso_151  216.752762 -0.72089 1800 A  1881 999 999 
z4qso_152  216.028244 -0.52835 1800 A  1881 999 999 
z4qso_153  215.961182 -0.27263 1800 A  1881 999 999 
z4qso_154  217.905869 -0.01438 1800 A  1881 999 999 
z4qso_155  217.780334 -0.50777 1800 A  1881 999 999 
z4qso_156  217.126785 -1.28102 1800 A  1881 999 999 
z4qso_157  217.161819 -1.11256 1800 A  1881 999 999 
z4qso_158  221.081268 -0.37471 1800 A  1881 999 999 
z4qso_159  222.366379 -0.17082 1800 A  1881 999 999 
z4qso_160  222.204849 -1.32856 1800 A  1881 999 999 
z4qso_161  222.162231 -0.50551 1800 A  1881 999 999 
z4qso_162  221.619080 -0.98447 1800 A  1881 999 999 
z4qso_163  223.476105 -0.12723 1800 A  1881 999 999 
z4qso_164  223.150864 -0.36656 1800 A  1881 999 999 
z4qso_165  225.140259 -1.30010 1800 A  1881 999 999 
z4qso_166  329.878601 -0.30784 1800 A  1881 999 999 
z4qso_167  332.808105 -1.36710 1800 A  1881 999 999 
z4qso_168  335.088196 -0.94968 1800 A  1881 999 999 
z4qso_169  334.451355 -1.19363 1800 A  1881 999 999 
z4qso_170  334.471008 -1.15703 1800 A  1881 999 999 
z4qso_171  334.105713 -1.39884 1800 A  1881 999 999 
z4qso_172  336.554108 -0.51627 1800 A  1881 999 999 
z4qso_173  335.620544 -1.37025 1800 A  1881 999 999 
z4qso_174  335.634888 -1.08396 1800 A  1881 999 999 
z4qso_175  337.705383 -1.14186 1800 A  1881 999 999 
z4qso_176  337.330505 -0.31604 1800 A  1881 999 999 
z4qso_177  339.314026 -0.49434 1800 A  1881 999 999 
z4qso_178  341.124329 -0.62346 1800 A  1881 999 999 
z4qso_179  129.475967 0.46590 1800 A  1881 999 999 
z4qso_180  129.408096 0.90343 1800 A  1881 999 999 
z4qso_181  128.514740 1.33323 1800 A  1881 999 999 
z4qso_182  129.998611 0.41496 1800 A  1881 999 999 
z4qso_183  131.393188 0.81483 1800 A  1881 999 999 
z4qso_184  135.490997 0.62204 1800 A  1881 999 999 
z4qso_185  134.394119 0.44626 1800 A  1881 999 999 
z4qso_186  136.117111 0.79587 1800 A  1881 999 999 
z4qso_187  138.901245 1.40794 1800 A  1881 999 999 
z4qso_188  138.763824 1.07844 1800 A  1881 999 999 
z4qso_189  175.846527 0.85632 1800 A  1881 999 999 
z4qso_190  175.738831 0.17009 1800 A  1881 999 999 
z4qso_191  178.258789 1.13948 1800 A  1881 999 999 
z4qso_192  178.298157 1.41854 1800 A  1881 999 999 
z4qso_193  177.508057 0.40203 1800 A  1881 999 999 
z4qso_194  177.683762 0.45259 1800 A  1881 999 999 
z4qso_195  179.896805 1.01205 1800 A  1881 999 999 
z4qso_196  179.334915 1.30364 1800 A  1881 999 999 
z4qso_197  179.081757 0.48456 1800 A  1881 999 999 
z4qso_198  179.161377 0.75347 1800 A  1881 999 999 
z4qso_199  178.903854 1.29543 1800 A  1881 999 999 
z4qso_200  178.667007 0.58466 1800 A  1881 999 999 
z4qso_201  181.200684 0.25823 1800 A  1881 999 999 
z4qso_202  181.109833 1.07704 1800 A  1881 999 999 
z4qso_203  180.991455 0.53477 1800 A  1881 999 999 
z4qso_204  180.486343 0.64809 1800 A  1881 999 999 
z4qso_205  180.411469 0.37850 1800 A  1881 999 999 
z4qso_206  180.324402 1.06978 1800 A  1881 999 999 
z4qso_207  180.412476 1.29270 1800 A  1881 999 999 
z4qso_208  182.491714 0.89701 1800 A  1881 999 999 
z4qso_209  182.194534 0.34006 1800 A  1881 999 999 
z4qso_210  210.861298 0.04455 1800 A  1881 999 999 
z4qso_211  210.802292 0.80077 1800 A  1881 999 999 
z4qso_212  210.482315 0.54369 1800 A  1881 999 999 
z4qso_213  209.866882 0.72833 1800 A  1881 999 999 
z4qso_214  211.958969 0.80744 1800 A  1881 999 999 
z4qso_215  211.799545 1.13521 1800 A  1881 999 999 
z4qso_216  211.753433 1.44629 1800 A  1881 999 999 
z4qso_217  213.956757 0.09311 1800 A  1881 999 999 
z4qso_218  213.937286 1.25509 1800 A  1881 999 999 
z4qso_219  213.190765 1.02903 1800 A  1881 999 999 
z4qso_220  212.913239 0.58551 1800 A  1881 999 999 
z4qso_221  212.812180 0.75037 1800 A  1881 999 999 
z4qso_222  215.278961 0.47486 1800 A  1881 999 999 
z4qso_223  214.661346 1.10054 1800 A  1881 999 999 
z4qso_224  217.007736 1.06183 1800 A  1881 999 999 
z4qso_225  215.714844 0.02855 1800 A  1881 999 999 
z4qso_226  217.892044 1.05696 1800 A  1881 999 999 
z4qso_227  217.843643 1.00617 1800 A  1881 999 999 
z4qso_228  217.213791 1.20839 1800 A  1881 999 999 
z4qso_229  219.975784 1.21417 1800 A  1881 999 999 
z4qso_230  219.750412 1.48635 1800 A  1881 999 999 
z4qso_231  218.881165 1.23656 1800 A  1881 999 999 
z4qso_232  218.529938 1.33758 1800 A  1881 999 999 
z4qso_233  221.085587 1.33502 1800 A  1881 999 999 
z4qso_234  221.130646 1.43195 1800 A  1881 999 999 
z4qso_235  220.924347 0.35252 1800 A  1881 999 999 
z4qso_236  220.046829 1.28418 1800 A  1881 999 999 
z4qso_237  221.815964 1.45209 1800 A  1881 999 999 
z4qso_238  224.105637 1.15967 1800 A  1881 999 999 
z4qso_239  223.884750 0.65758 1800 A  1881 999 999 
z4qso_240  223.812790 1.08857 1800 A  1881 999 999 
z4qso_241  225.361816 1.22643 1800 A  1881 999 999 
z4qso_242  225.113998 0.07355 1800 A  1881 999 999 
z4qso_243  330.648163 1.22236 1800 A  1881 999 999 
z4qso_244  330.647003 1.27376 1800 A  1881 999 999 
z4qso_245  332.318268 0.29510 1800 A  1881 999 999 
z4qso_246  332.228821 1.03420 1800 A  1881 999 999 
z4qso_247  332.125092 0.72221 1800 A  1881 999 999 
z4qso_248  334.017670 0.89438 1800 A  1881 999 999 
z4qso_249  333.858795 1.36500 1800 A  1881 999 999 
z4qso_250  333.367554 1.40899 1800 A  1881 999 999 
z4qso_251  335.513519 1.17171 1800 A  1881 999 999 
z4qso_252  336.148132 0.25232 1800 A  1881 999 999 
z4qso_253  335.778900 0.52185 1800 A  1881 999 999 
z4qso_254  338.315430 0.54280 1800 A  1881 999 999 
z4qso_255  337.920044 1.32794 1800 A  1881 999 999 
z4qso_256  337.827881 0.36439 1800 A  1881 999 999 
z4qso_257  337.250366 1.22413 1800 A  1881 999 999 
z4qso_258  339.948517 1.35587 1800 A  1881 999 999 
z4qso_259  339.473846 0.11338 1800 A  1881 999 999 
z4qso_260  338.898285 0.60057 1800 A  1881 999 999 
z4qso_261  341.150177 0.14597 1800 A  1881 999 999 
z4qso_262  340.900513 1.20484 1800 A  1881 999 999 
z4qso_263  342.350037 0.79740 1800 A  1881 999 999 
z4qso_264  341.863556 0.26485 1800 A  1881 999 999 
z4qso_265  341.585205 0.89474 1800 A  1881 999 999 
z4qso_266  343.927948 0.23854 1800 A  1881 999 999 
z4qso_267  128.418518 1.63933 1800 A  1881 999 999 
z4qso_268  130.084366 1.62674 1800 A  1881 999 999 
z4qso_269  128.911987 1.99319 1800 A  1881 999 999 
z4qso_270  130.981079 1.54069 1800 A  1881 999 999 
z4qso_271  130.731094 1.59603 1800 A  1881 999 999 
z4qso_272  134.248825 2.59430 1800 A  1881 999 999 
z4qso_273  134.327942 2.72312 1800 A  1881 999 999 
z4qso_274  133.779282 2.18265 1800 A  1881 999 999 
z4qso_275  135.951965 2.17698 1800 A  1881 999 999 
z4qso_276  136.962616 2.13270 1800 A  1881 999 999 
z4qso_277  138.007431 1.81946 1800 A  1881 999 999 
z4qso_278  139.819031 1.55422 1800 A  1881 999 999 
z4qso_279  141.617279 1.93371 1800 A  1881 999 999 
z4qso_280  141.496964 2.24442 1800 A  1881 999 999 
z4qso_281  141.313446 2.04898 1800 A  1881 999 999 
z4qso_282  178.864624 1.87690 1800 A  1881 999 999 
z4qso_283  214.039841 1.58780 1800 A  1881 999 999 
z4qso_284  216.287598 1.74841 1800 A  1881 999 999 
z4qso_285  215.202209 1.56285 1800 A  1881 999 999 
z4qso_286  217.293610 1.67831 1800 A  1881 999 999 
z4qso_287  220.271408 1.75303 1800 A  1881 999 999 
z4qso_288  220.100357 1.61387 1800 A  1881 999 999 
z4qso_289  330.120728 2.08979 1800 A  1881 999 999 
z4qso_290  332.279572 1.82044 1800 A  1881 999 999 
z4qso_291  332.272095 2.53842 1800 A  1881 999 999 
z4qso_292  331.343414 2.19703 1800 A  1881 999 999 
z4qso_293  331.442413 2.38980 1800 A  1881 999 999 
z4qso_294  331.268311 2.31494 1800 A  1881 999 999 
z4qso_295  335.302460 1.91550 1800 A  1881 999 999 
z4qso_296  334.915436 2.09342 1800 A  1881 999 999 
z4qso_297  334.655212 1.98702 1800 A  1881 999 999 
z4qso_298  336.324707 1.94269 1800 A  1881 999 999 
z4qso_299  335.475922 2.91038 1800 A  1881 999 999 
z4qso_300  338.120514 2.83050 1800 A  1881 999 999 
z4qso_301  337.432434 2.29416 1800 A  1881 999 999 
z4qso_302  341.295166 2.11443 1800 A  1881 999 999 
z4qso_303  340.992859 1.93278 1800 A  1881 999 999 
z4qso_304  340.995880 1.97257 1800 A  1881 999 999 
z4qso_305  342.138641 1.69811 1800 A  1881 999 999 
z4qso_306  342.066681 2.10267 1800 A  1881 999 999 
z4qso_307  341.771698 2.02794 1800 A  1881 999 999 
z4qso_308  137.414932 5.47534 1800 A  1881 999 999 
z4qso_309  138.744125 4.73260 1800 A  1881 999 999 
z4qso_310  138.514084 4.79684 1800 A  1881 999 999 
z4qso_311  237.446960 42.90566 1800 A  1881 999 999 
z4qso_312  239.236359 42.09869 1800 A  1881 999 999 
z4qso_313  241.452698 42.93187 1800 A  1881 999 999 
z4qso_314  240.435593 42.14996 1800 A  1881 999 999 
z4qso_315  239.910767 42.77944 1800 A  1881 999 999 
z4qso_316  245.159653 42.15419 1800 A  1881 999 999 
z4qso_317  248.555359 43.00870 1800 A  1881 999 999 
z4qso_318  238.727814 44.28188 1800 A  1881 999 999 
z4qso_319  238.499466 44.50240 1800 A  1881 999 999 
z4qso_320  237.699753 44.32495 1800 A  1881 999 999 
z4qso_321  237.685699 44.62544 1800 A  1881 999 999 
z4qso_322  240.948578 44.38804 1800 A  1881 999 999 
z4qso_323  240.430298 44.42174 1800 A  1881 999 999 
z4qso_324  239.808380 44.29104 1800 A  1881 999 999 
z4qso_325  242.905701 43.52924 1800 A  1881 999 999 
z4qso_326  243.581711 43.39018 1800 A  1881 999 999 
z4qso_327  246.876312 44.35946 1800 A  1881 999 999 
z4qso_328  247.852600 44.28519 1800 A  1881 999 999 
z4qso_329  246.589447 44.85046 1800 A  1881 999 999 
z4qso_330  213.322250 52.29282 1800 A  1881 999 999 
z4qso_331  215.532944 52.46433 1800 A  1881 999 999 
z4qso_332  29.460365 -6.67964 1800 A  1881 999 999 
z4qso_333  29.582029 -6.30614 1800 A  1881 999 999 
z4qso_334  32.020164 -6.03129 1800 A  1881 999 999 
z4qso_335  33.267269 -6.76079 1800 A  1881 999 999 
z4qso_336  33.049061 -6.91414 1800 A  1881 999 999 
z4qso_337  33.029716 -6.36607 1800 A  1881 999 999 
z4qso_338  32.719627 -6.82736 1800 A  1881 999 999 
z4qso_339  35.042000 -6.37668 1800 A  1881 999 999 
z4qso_340  34.948986 -6.74835 1800 A  1881 999 999 
z4qso_341  35.906490 -6.44919 1800 A  1881 999 999 
z4qso_342  35.636211 -6.63298 1800 A  1881 999 999 
z4qso_343  39.480652 -6.29094 1800 A  1881 999 999 
z4qso_344  38.771507 -6.34041 1800 A  1881 999 999 
z4qso_345  38.215286 -6.76175 1800 A  1881 999 999 
z4qso_346  38.232708 -6.02862 1800 A  1881 999 999 
z4qso_347  39.873554 -6.97558 1800 A  1881 999 999 
z4qso_348  39.948200 -6.94817 1800 A  1881 999 999 
z4qso_349  30.000061 -4.91790 1800 A  1881 999 999 
z4qso_350  30.522976 -5.02236 1800 A  1881 999 999 
z4qso_351  33.379116 -5.55366 1800 A  1881 999 999 
z4qso_352  32.160717 -4.99396 1800 A  1881 999 999 
z4qso_353  34.172199 -5.62855 1800 A  1881 999 999 
z4qso_354  37.585453 -5.51124 1800 A  1881 999 999 
z4qso_355  39.281502 -5.43019 1800 A  1881 999 999 
z4qso_356  39.313122 -5.38340 1800 A  1881 999 999 
z4qso_357  38.828575 -5.03818 1800 A  1881 999 999 
z4qso_358  38.685722 -5.53726 1800 A  1881 999 999 
z4qso_359  39.680248 -5.92514 1800 A  1881 999 999 
z4qso_360  39.652290 -5.45418 1800 A  1881 999 999 
z4qso_361  30.251095 -4.06396 1800 A  1881 999 999 
z4qso_362  29.317202 -3.33174 1800 A  1881 999 999 
z4qso_363  31.795135 -4.16629 1800 A  1881 999 999 
z4qso_364  31.864569 -3.61175 1800 A  1881 999 999 
z4qso_365  30.824436 -3.62318 1800 A  1881 999 999 
z4qso_366  33.260437 -3.07386 1800 A  1881 999 999 
z4qso_367  32.839504 -3.92334 1800 A  1881 999 999 
z4qso_368  33.002464 -3.45540 1800 A  1881 999 999 
z4qso_369  32.756672 -3.69573 1800 A  1881 999 999 
z4qso_370  34.320362 -4.40914 1800 A  1881 999 999 
z4qso_371  36.404861 -4.16957 1800 A  1881 999 999 
z4qso_372  36.237350 -4.15759 1800 A  1881 999 999 
z4qso_373  36.031158 -3.90182 1800 A  1881 999 999 
z4qso_374  35.793159 -3.45713 1800 A  1881 999 999 
z4qso_375  35.277325 -3.80129 1800 A  1881 999 999 
z4qso_376  37.573353 -3.66369 1800 A  1881 999 999 
z4qso_377  37.325684 -3.39629 1800 A  1881 999 999 
z4qso_378  37.460781 -3.20385 1800 A  1881 999 999 
z4qso_379  37.224453 -4.33290 1800 A  1881 999 999 
z4qso_380  37.277340 -3.96815 1800 A  1881 999 999 
z4qso_381  30.211838 -2.12586 1800 A  1881 999 999 
z4qso_382  29.599728 -1.71994 1800 A  1881 999 999 
z4qso_383  29.252747 -1.58442 1800 A  1881 999 999 
z4qso_384  29.040499 -1.70742 1800 A  1881 999 999 
z4qso_385  31.250164 -2.75558 1800 A  1881 999 999 
z4qso_386  30.639252 -2.36961 1800 A  1881 999 999 
z4qso_387  32.625980 -2.26835 1800 A  1881 999 999 
z4qso_388  32.428951 -2.66455 1800 A  1881 999 999 
z4qso_389  34.447636 -2.29348 1800 A  1881 999 999 
z4qso_390  36.212387 -2.06161 1800 A  1881 999 999 
z4qso_391  35.932652 -2.90364 1800 A  1881 999 999 
z4qso_392  37.929878 -2.64106 1800 A  1881 999 999 
z4qso_393  36.954891 -1.73421 1800 A  1881 999 999 
z4qso_394  38.713524 -2.34270 1800 A  1881 999 999 
z4qso_395  38.705967 -2.35498 1800 A  1881 999 999 
z4qso_396  135.640945 -2.23480 1800 A  1881 999 999 
z4qso_397  135.375793 -1.82093 1800 A  1881 999 999 
z4qso_398  139.068466 -2.22598 1800 A  1881 999 999 
z4qso_399  138.643707 -1.67294 1800 A  1881 999 999 
z4qso_400  138.397720 -1.85831 1800 A  1881 999 999 
z4qso_401  140.506424 -2.34905 1800 A  1881 999 999 
z4qso_402  139.264648 -2.25556 1800 A  1881 999 999 
z4qso_403  177.753830 -1.68403 1800 A  1881 999 999 
z4qso_404  177.135132 -1.95008 1800 A  1881 999 999 
z4qso_405  178.999252 -1.58323 1800 A  1881 999 999 
z4qso_406  178.247955 -1.48909 1800 A  1881 999 999 
z4qso_407  180.650284 -1.68598 1800 A  1881 999 999 
z4qso_408  180.225311 -2.01974 1800 A  1881 999 999 
z4qso_409  179.538406 -1.58087 1800 A  1881 999 999 
z4qso_410  213.043503 -2.22982 1800 A  1881 999 999 
z4qso_411  213.011795 -1.54543 1800 A  1881 999 999 
z4qso_412  212.247955 -2.33006 1800 A  1881 999 999 
z4qso_413  212.194519 -1.96031 1800 A  1881 999 999 
z4qso_414  212.197525 -1.74488 1800 A  1881 999 999 
z4qso_415  214.076324 -2.04937 1800 A  1881 999 999 
z4qso_416  215.343658 -2.10378 1800 A  1881 999 999 
z4qso_417  216.576370 -1.80605 1800 A  1881 999 999 
z4qso_418  219.666061 -1.70540 1800 A  1881 999 999 
z4qso_419  222.345825 -2.20523 1800 A  1881 999 999 
z4qso_420  222.021667 -1.76322 1800 A  1881 999 999 
z4qso_421  222.013672 -1.70536 1800 A  1881 999 999 
z4qso_422  221.895660 -1.59172 1800 A  1881 999 999 
z4qso_423  220.997223 -1.89051 1800 A  1881 999 999 
z4qso_424  224.575256 -1.62756 1800 A  1881 999 999 
z4qso_425  224.256836 -1.84735 1800 A  1881 999 999 
z4qso_426  129.270294 -0.82580 1800 A  1881 999 999 
z4qso_427  128.891922 -0.71073 1800 A  1881 999 999 
z4qso_428  132.533936 -0.71092 1800 A  1881 999 999 
z4qso_429  131.635300 -0.76708 1800 A  1881 999 999 
z4qso_430  132.766327 -0.80329 1800 A  1881 999 999 
z4qso_431  135.463211 -1.00235 1800 A  1881 999 999 
z4qso_432  135.012833 -0.01902 1800 A  1881 999 999 
z4qso_433  136.681488 -1.18548 1800 A  1881 999 999 
z4qso_434  136.379776 -1.23901 1800 A  1881 999 999 
z4qso_435  138.484970 -1.40894 1800 A  1881 999 999 
z4qso_436  137.791214 -1.04519 1800 A  1881 999 999 
z4qso_437  139.565002 -0.09971 1800 A  1881 999 999 
z4qso_438  138.534164 -1.42000 1800 A  1881 999 999 
z4qso_439  141.308807 -1.28057 1800 A  1881 999 999 
z4qso_440  141.115936 -0.16713 1800 A  1881 999 999 
z4qso_441  140.269348 -0.86798 1800 A  1881 999 999 
z4qso_442  176.242737 -0.10859 1800 A  1881 999 999 
z4qso_443  176.059357 -0.74033 1800 A  1881 999 999 
z4qso_444  178.151215 -1.28415 1800 A  1881 999 999 
z4qso_445  177.849976 -0.82879 1800 A  1881 999 999 
z4qso_446  177.178970 -1.10440 1800 A  1881 999 999 
z4qso_447  179.907867 -1.22975 1800 A  1881 999 999 
z4qso_448  179.433578 -1.32974 1800 A  1881 999 999 
z4qso_449  179.109741 -0.97583 1800 A  1881 999 999 
z4qso_450  180.539810 -1.06709 1800 A  1881 999 999 
z4qso_451  182.042908 -0.92793 1800 A  1881 999 999 
z4qso_452  183.074173 -0.95750 1800 A  1881 999 999 
z4qso_453  210.772964 -1.41338 1800 A  1881 999 999 
z4qso_454  212.122223 -0.88851 1800 A  1881 999 999 
z4qso_455  211.620819 -0.19359 1800 A  1881 999 999 
z4qso_456  211.441635 -0.59632 1800 A  1881 999 999 
z4qso_457  213.995605 -1.06578 1800 A  1881 999 999 
z4qso_458  213.259491 -1.10148 1800 A  1881 999 999 
z4qso_459  215.422516 -0.11110 1800 A  1881 999 999 
z4qso_460  214.855164 -0.10075 1800 A  1881 999 999 
z4qso_461  214.617035 -0.04043 1800 A  1881 999 999 
z4qso_462  214.235870 -0.29540 1800 A  1881 999 999 
z4qso_463  216.808945 -0.42435 1800 A  1881 999 999 
z4qso_464  218.391220 -0.13225 1800 A  1881 999 999 
z4qso_465  218.098877 -1.21083 1800 A  1881 999 999 
z4qso_466  219.894943 -0.06425 1800 A  1881 999 999 
z4qso_467  219.193253 -0.71815 1800 A  1881 999 999 
z4qso_468  218.608337 -1.09789 1800 A  1881 999 999 
z4qso_469  221.347107 -0.48005 1800 A  1881 999 999 
z4qso_470  221.281845 -0.28373 1800 A  1881 999 999 
z4qso_471  220.862900 -0.84494 1800 A  1881 999 999 
z4qso_472  220.996109 -0.41958 1800 A  1881 999 999 
z4qso_473  220.673660 -0.02884 1800 A  1881 999 999 
z4qso_474  220.145828 -0.79333 1800 A  1881 999 999 
z4qso_475  220.223267 -0.68210 1800 A  1881 999 999 
z4qso_476  221.831833 -1.17705 1800 A  1881 999 999 
z4qso_477  221.564682 -1.06716 1800 A  1881 999 999 
z4qso_478  224.337479 -1.31219 1800 A  1881 999 999 
z4qso_479  223.091507 -1.24658 1800 A  1881 999 999 
z4qso_480  225.281143 -1.20562 1800 A  1881 999 999 
z4qso_481  225.072296 -1.09868 1800 A  1881 999 999 
z4qso_482  330.404144 -0.36981 1800 A  1881 999 999 
z4qso_483  332.149109 -1.33091 1800 A  1881 999 999 
z4qso_484  334.060913 -0.85051 1800 A  1881 999 999 
z4qso_485  333.877258 -0.85807 1800 A  1881 999 999 
z4qso_486  333.034821 -0.27324 1800 A  1881 999 999 
z4qso_487  332.737122 -0.93346 1800 A  1881 999 999 
z4qso_488  334.184265 -0.85442 1800 A  1881 999 999 
z4qso_489  336.596283 -0.24481 1800 A  1881 999 999 
z4qso_490  335.636963 -0.17997 1800 A  1881 999 999 
z4qso_491  338.356934 -0.95374 1800 A  1881 999 999 
z4qso_492  337.545349 -0.63775 1800 A  1881 999 999 
z4qso_493  337.661652 -0.03509 1800 A  1881 999 999 
z4qso_494  339.228546 -0.67856 1800 A  1881 999 999 
z4qso_495  339.137177 -1.41355 1800 A  1881 999 999 
z4qso_496  342.156952 -0.38159 1800 A  1881 999 999 
z4qso_497  343.108978 -0.95382 1800 A  1881 999 999 
z4qso_498  343.229828 -0.76236 1800 A  1881 999 999 
z4qso_499  130.402283 0.80763 1800 A  1881 999 999 
z4qso_500  129.906769 1.41763 1800 A  1881 999 999 
z4qso_501  131.980499 0.17764 1800 A  1881 999 999 
z4qso_502  131.557526 0.27582 1800 A  1881 999 999 
z4qso_503  133.654007 0.83489 1800 A  1881 999 999 
z4qso_504  133.796722 1.30955 1800 A  1881 999 999 
z4qso_505  133.461960 0.38542 1800 A  1881 999 999 
z4qso_506  132.888885 1.41133 1800 A  1881 999 999 
z4qso_507  132.600174 0.70952 1800 A  1881 999 999 
z4qso_508  135.523895 1.23519 1800 A  1881 999 999 
z4qso_509  136.549332 0.24488 1800 A  1881 999 999 
z4qso_510  136.224884 1.16753 1800 A  1881 999 999 
z4qso_511  135.644974 0.64286 1800 A  1881 999 999 
z4qso_512  138.131592 0.64286 1800 A  1881 999 999 
z4qso_513  138.900726 0.59753 1800 A  1881 999 999 
z4qso_514  141.400009 0.89373 1800 A  1881 999 999 
z4qso_515  141.334763 1.09690 1800 A  1881 999 999 
z4qso_516  140.942551 0.09413 1800 A  1881 999 999 
z4qso_517  176.638138 0.11724 1800 A  1881 999 999 
z4qso_518  176.065109 1.00201 1800 A  1881 999 999 
z4qso_519  178.451096 1.48558 1800 A  1881 999 999 
z4qso_520  177.880859 0.73001 1800 A  1881 999 999 
z4qso_521  177.832550 0.38214 1800 A  1881 999 999 
z4qso_522  177.552948 0.27757 1800 A  1881 999 999 
z4qso_523  179.581177 0.45815 1800 A  1881 999 999 
z4qso_524  179.678528 1.22513 1800 A  1881 999 999 
z4qso_525  179.341232 1.41820 1800 A  1881 999 999 
z4qso_526  178.755692 0.20267 1800 A  1881 999 999 
z4qso_527  181.142822 0.54022 1800 A  1881 999 999 
z4qso_528  180.062439 0.87583 1800 A  1881 999 999 
z4qso_529  182.321228 0.66863 1800 A  1881 999 999 
z4qso_530  182.397446 0.96046 1800 A  1881 999 999 
z4qso_531  181.983093 0.26724 1800 A  1881 999 999 
z4qso_532  210.082016 0.32070 1800 A  1881 999 999 
z4qso_533  209.810822 1.36452 1800 A  1881 999 999 
z4qso_534  211.687576 0.55905 1800 A  1881 999 999 
z4qso_535  211.434967 0.94332 1800 A  1881 999 999 
z4qso_536  213.923950 0.95575 1800 A  1881 999 999 
z4qso_537  213.961502 1.05007 1800 A  1881 999 999 
z4qso_538  213.485199 1.15954 1800 A  1881 999 999 
z4qso_539  213.095551 0.10620 1800 A  1881 999 999 
z4qso_540  213.151871 0.72752 1800 A  1881 999 999 
z4qso_541  215.349457 1.36853 1800 A  1881 999 999 
z4qso_542  214.551956 1.10125 1800 A  1881 999 999 
z4qso_543  214.685822 1.12973 1800 A  1881 999 999 
z4qso_544  216.618469 0.62064 1800 A  1881 999 999 
z4qso_545  215.957230 1.30853 1800 A  1881 999 999 
z4qso_546  218.496613 0.50764 1800 A  1881 999 999 
z4qso_547  218.133606 0.45553 1800 A  1881 999 999 
z4qso_548  217.729736 0.99324 1800 A  1881 999 999 
z4qso_549  217.249908 1.30360 1800 A  1881 999 999 
z4qso_550  219.876831 1.27880 1800 A  1881 999 999 
z4qso_551  219.447647 1.29713 1800 A  1881 999 999 
z4qso_552  219.278976 0.35072 1800 A  1881 999 999 
z4qso_553  219.146713 1.34119 1800 A  1881 999 999 
z4qso_554  220.874863 1.26439 1800 A  1881 999 999 
z4qso_555  221.983078 1.01355 1800 A  1881 999 999 
z4qso_556  221.598251 1.21721 1800 A  1881 999 999 
z4qso_557  224.346451 0.78398 1800 A  1881 999 999 
z4qso_558  223.284134 1.30460 1800 A  1881 999 999 
z4qso_559  223.083832 0.70640 1800 A  1881 999 999 
z4qso_560  225.124710 0.34795 1800 A  1881 999 999 
z4qso_561  330.310120 1.24899 1800 A  1881 999 999 
z4qso_562  331.942810 0.77934 1800 A  1881 999 999 
z4qso_563  333.957550 0.80327 1800 A  1881 999 999 
z4qso_564  333.778503 1.11434 1800 A  1881 999 999 
z4qso_565  333.385986 0.50685 1800 A  1881 999 999 
z4qso_566  334.886719 0.70088 1800 A  1881 999 999 
z4qso_567  334.490356 0.64867 1800 A  1881 999 999 
z4qso_568  334.502014 1.19458 1800 A  1881 999 999 
z4qso_569  336.513947 0.78234 1800 A  1881 999 999 
z4qso_570  336.158386 0.46112 1800 A  1881 999 999 
z4qso_571  336.040344 1.38071 1800 A  1881 999 999 
z4qso_572  335.847595 0.18639 1800 A  1881 999 999 
z4qso_573  338.144867 0.04589 1800 A  1881 999 999 
z4qso_574  337.575897 0.46085 1800 A  1881 999 999 
z4qso_575  338.824829 0.22485 1800 A  1881 999 999 
z4qso_576  338.865387 0.65002 1800 A  1881 999 999 
z4qso_577  340.826904 1.39637 1800 A  1881 999 999 
z4qso_578  340.627686 0.13602 1800 A  1881 999 999 
z4qso_579  340.515350 0.63255 1800 A  1881 999 999 
z4qso_580  342.656403 0.05689 1800 A  1881 999 999 
z4qso_581  342.257141 0.54162 1800 A  1881 999 999 
z4qso_582  342.158539 0.59286 1800 A  1881 999 999 
z4qso_583  342.299072 0.88361 1800 A  1881 999 999 
z4qso_584  341.996460 1.21875 1800 A  1881 999 999 
z4qso_585  341.903351 0.84326 1800 A  1881 999 999 
z4qso_586  341.517151 1.27830 1800 A  1881 999 999 
z4qso_587  128.662155 1.83169 1800 A  1881 999 999 
z4qso_588  129.853806 1.62702 1800 A  1881 999 999 
z4qso_589  129.728653 1.73058 1800 A  1881 999 999 
z4qso_590  129.556961 1.51515 1800 A  1881 999 999 
z4qso_591  131.428391 2.41543 1800 A  1881 999 999 
z4qso_592  131.083878 1.56406 1800 A  1881 999 999 
z4qso_593  131.101013 1.76843 1800 A  1881 999 999 
z4qso_594  133.132050 2.13594 1800 A  1881 999 999 
z4qso_595  132.954926 2.23325 1800 A  1881 999 999 
z4qso_596  132.806244 2.03409 1800 A  1881 999 999 
z4qso_597  132.578903 1.90966 1800 A  1881 999 999 
z4qso_598  132.075790 2.79410 1800 A  1881 999 999 
z4qso_599  134.453766 1.97896 1800 A  1881 999 999 
z4qso_600  133.494415 1.90600 1800 A  1881 999 999 
z4qso_601  133.509903 2.33551 1800 A  1881 999 999 
z4qso_602  136.054199 2.70488 1800 A  1881 999 999 
z4qso_603  135.586746 1.88038 1800 A  1881 999 999 
z4qso_604  135.488556 2.31673 1800 A  1881 999 999 
z4qso_605  134.835526 2.69064 1800 A  1881 999 999 
z4qso_606  136.928391 1.81423 1800 A  1881 999 999 
z4qso_607  136.313049 1.85695 1800 A  1881 999 999 
z4qso_608  138.832336 2.89073 1800 A  1881 999 999 
z4qso_609  138.228714 1.88266 1800 A  1881 999 999 
z4qso_610  137.769547 1.82225 1800 A  1881 999 999 
z4qso_611  137.793671 2.03989 1800 A  1881 999 999 
z4qso_612  140.344299 2.35120 1800 A  1881 999 999 
z4qso_613  139.639679 1.79964 1800 A  1881 999 999 
z4qso_614  141.730408 2.12172 1800 A  1881 999 999 
z4qso_615  141.471481 2.66564 1800 A  1881 999 999 
z4qso_616  141.370911 2.47109 1800 A  1881 999 999 
z4qso_617  141.209030 2.23385 1800 A  1881 999 999 
z4qso_618  140.922012 1.77835 1800 A  1881 999 999 
z4qso_619  140.956787 2.62174 1800 A  1881 999 999 
z4qso_620  140.707001 1.63726 1800 A  1881 999 999 
z4qso_621  140.582031 1.98823 1800 A  1881 999 999 
z4qso_622  179.183075 1.97195 1800 A  1881 999 999 
z4qso_623  180.333054 1.93637 1800 A  1881 999 999 
z4qso_624  179.655701 1.82113 1800 A  1881 999 999 
z4qso_625  179.303772 1.74615 1800 A  1881 999 999 
z4qso_626  182.005142 2.20023 1800 A  1881 999 999 
z4qso_627  181.284943 1.78100 1800 A  1881 999 999 
z4qso_628  180.809586 1.64606 1800 A  1881 999 999 
z4qso_629  215.834885 1.96154 1800 A  1881 999 999 
z4qso_630  218.619629 1.72196 1800 A  1881 999 999 
z4qso_631  220.575974 1.73947 1800 A  1881 999 999 
z4qso_632  220.160110 1.74306 1800 A  1881 999 999 
z4qso_633  220.069519 1.92027 1800 A  1881 999 999 
z4qso_634  332.249969 1.81964 1800 A  1881 999 999 
z4qso_635  331.962524 2.19178 1800 A  1881 999 999 
z4qso_636  333.841309 2.19388 1800 A  1881 999 999 
z4qso_637  335.189484 2.73658 1800 A  1881 999 999 
z4qso_638  334.837036 2.16074 1800 A  1881 999 999 
z4qso_639  334.308502 1.75146 1800 A  1881 999 999 
z4qso_640  336.828766 1.80696 1800 A  1881 999 999 
z4qso_641  336.300232 2.89099 1800 A  1881 999 999 
z4qso_642  335.855133 1.88692 1800 A  1881 999 999 
z4qso_643  337.960999 2.49403 1800 A  1881 999 999 
z4qso_644  339.634460 2.19164 1800 A  1881 999 999 
z4qso_645  338.891418 2.48247 1800 A  1881 999 999 
z4qso_646  338.499298 2.12404 1800 A  1881 999 999 
z4qso_647  338.437134 2.35609 1800 A  1881 999 999 
z4qso_648  340.733856 1.70171 1800 A  1881 999 999 
z4qso_649  137.253510 3.11738 1800 A  1881 999 999 
z4qso_650  141.041824 2.98891 1800 A  1881 999 999 
z4qso_651  135.688873 5.50520 1800 A  1881 999 999 
z4qso_652  139.459290 4.62775 1800 A  1881 999 999 
z4qso_653  239.343597 42.25642 1800 A  1881 999 999 
z4qso_654  239.280731 42.08478 1800 A  1881 999 999 
z4qso_655  238.996155 41.92511 1800 A  1881 999 999 
z4qso_656  243.473129 42.05854 1800 A  1881 999 999 
z4qso_657  243.352112 42.35606 1800 A  1881 999 999 
z4qso_658  243.418243 42.79257 1800 A  1881 999 999 
z4qso_659  242.943466 42.87279 1800 A  1881 999 999 
z4qso_660  241.938644 42.96389 1800 A  1881 999 999 
z4qso_661  245.079422 42.02284 1800 A  1881 999 999 
z4qso_662  244.528793 42.21189 1800 A  1881 999 999 
z4qso_663  244.552979 43.04620 1800 A  1881 999 999 
z4qso_664  243.727203 42.13522 1800 A  1881 999 999 
z4qso_665  246.736923 43.07761 1800 A  1881 999 999 
z4qso_666  248.679077 42.85124 1800 A  1881 999 999 
z4qso_667  247.827713 43.06363 1800 A  1881 999 999 
z4qso_668  236.840164 44.14677 1800 A  1881 999 999 
z4qso_669  238.333450 44.19512 1800 A  1881 999 999 
z4qso_670  237.178268 44.25197 1800 A  1881 999 999 
z4qso_671  240.722504 44.46011 1800 A  1881 999 999 
z4qso_672  239.095764 44.28263 1800 A  1881 999 999 
z4qso_673  241.646637 44.45647 1800 A  1881 999 999 
z4qso_674  245.023361 43.84769 1800 A  1881 999 999 
z4qso_675  244.159882 43.42028 1800 A  1881 999 999 
z4qso_676  245.910873 44.47689 1800 A  1881 999 999 
z4qso_677  248.239334 43.46361 1800 A  1881 999 999 
z4qso_678  247.669998 44.02828 1800 A  1881 999 999 
z4qso_679  247.130890 43.85699 1800 A  1881 999 999 
z4qso_680  213.519379 52.54395 1800 A  1881 999 999 
z4qso_681  214.105377 52.59398 1800 A  1881 999 999 
z4qso_682  30.172888 -6.59494 1800 A  1881 999 999 
z4qso_683  29.671434 -6.19516 1800 A  1881 999 999 
z4qso_684  29.620199 -6.12660 1800 A  1881 999 999 
z4qso_685  29.498791 -6.47853 1800 A  1881 999 999 
z4qso_686  29.254526 -6.46301 1800 A  1881 999 999 
z4qso_687  29.348558 -5.97773 1800 A  1881 999 999 
z4qso_688  31.840467 -6.89063 1800 A  1881 999 999 
z4qso_689  31.662773 -6.90461 1800 A  1881 999 999 
z4qso_690  31.485964 -6.84919 1800 A  1881 999 999 
z4qso_691  31.561306 -6.09835 1800 A  1881 999 999 
z4qso_692  31.547665 -6.01459 1800 A  1881 999 999 
z4qso_693  31.284531 -6.15885 1800 A  1881 999 999 
z4qso_694  31.313368 -6.07629 1800 A  1881 999 999 
z4qso_695  30.958378 -6.93486 1800 A  1881 999 999 
z4qso_696  30.919806 -6.85466 1800 A  1881 999 999 
z4qso_697  30.903847 -6.00379 1800 A  1881 999 999 
z4qso_698  30.757076 -7.10791 1800 A  1881 999 999 
z4qso_699  30.761868 -6.71045 1800 A  1881 999 999 
z4qso_700  33.537846 -6.48001 1800 A  1881 999 999 
z4qso_701  33.538025 -5.95819 1800 A  1881 999 999 
z4qso_702  33.387878 -6.22168 1800 A  1881 999 999 
z4qso_703  33.185856 -6.60196 1800 A  1881 999 999 
z4qso_704  33.288494 -6.17028 1800 A  1881 999 999 
z4qso_705  33.232082 -6.16110 1800 A  1881 999 999 
z4qso_706  33.067711 -6.82949 1800 A  1881 999 999 
z4qso_707  32.719639 -6.45782 1800 A  1881 999 999 
z4qso_708  32.540821 -6.97513 1800 A  1881 999 999 
z4qso_709  32.575321 -6.48468 1800 A  1881 999 999 
z4qso_710  35.010082 -6.10198 1800 A  1881 999 999 
z4qso_711  34.699715 -6.27227 1800 A  1881 999 999 
z4qso_712  34.811192 -6.03231 1800 A  1881 999 999 
z4qso_713  34.692482 -6.03430 1800 A  1881 999 999 
z4qso_714  34.613358 -6.77104 1800 A  1881 999 999 
z4qso_715  33.947453 -7.11663 1800 A  1881 999 999 
z4qso_716  33.926979 -6.50541 1800 A  1881 999 999 
z4qso_717  33.624168 -6.83661 1800 A  1881 999 999 
z4qso_718  33.679001 -6.79439 1800 A  1881 999 999 
z4qso_719  33.687527 -6.84704 1800 A  1881 999 999 
z4qso_720  36.534599 -6.70124 1800 A  1881 999 999 
z4qso_721  36.334541 -6.94219 1800 A  1881 999 999 
z4qso_722  36.337040 -6.65012 1800 A  1881 999 999 
z4qso_723  36.000641 -7.06718 1800 A  1881 999 999 
z4qso_724  35.962959 -6.78334 1800 A  1881 999 999 
z4qso_725  35.772308 -7.03613 1800 A  1881 999 999 
z4qso_726  35.898041 -6.91147 1800 A  1881 999 999 
z4qso_727  35.801720 -6.58045 1800 A  1881 999 999 
z4qso_728  35.788082 -5.96562 1800 A  1881 999 999 
z4qso_729  35.447998 -6.51308 1800 A  1881 999 999 
z4qso_730  39.482353 -6.87044 1800 A  1881 999 999 
z4qso_731  39.384338 -6.41158 1800 A  1881 999 999 
z4qso_732  39.246330 -7.17891 1800 A  1881 999 999 
z4qso_733  39.137024 -7.11406 1800 A  1881 999 999 
z4qso_734  38.995354 -6.62790 1800 A  1881 999 999 
z4qso_735  38.958477 -6.06283 1800 A  1881 999 999 
z4qso_736  38.210583 -6.33885 1800 A  1881 999 999 
z4qso_737  38.168667 -6.47704 1800 A  1881 999 999 
z4qso_738  40.070122 -6.49275 1800 A  1881 999 999 
z4qso_739  39.665936 -6.78412 1800 A  1881 999 999 
z4qso_740  28.952112 -5.64914 1800 A  1881 999 999 
z4qso_741  28.668606 -5.93147 1800 A  1881 999 999 
z4qso_742  29.896820 -5.89732 1800 A  1881 999 999 
z4qso_743  29.962053 -4.81604 1800 A  1881 999 999 
z4qso_744  29.301750 -5.71335 1800 A  1881 999 999 
z4qso_745  29.155342 -5.75033 1800 A  1881 999 999 
z4qso_746  29.271822 -5.33179 1800 A  1881 999 999 
z4qso_747  31.908226 -5.37623 1800 A  1881 999 999 
z4qso_748  31.902678 -4.61709 1800 A  1881 999 999 
z4qso_749  31.771120 -4.74743 1800 A  1881 999 999 
z4qso_750  31.641026 -5.94880 1800 A  1881 999 999 
z4qso_751  31.540144 -5.93834 1800 A  1881 999 999 
z4qso_752  31.409685 -4.98253 1800 A  1881 999 999 
z4qso_753  31.426476 -4.61311 1800 A  1881 999 999 
z4qso_754  31.295328 -5.47741 1800 A  1881 999 999 
z4qso_755  31.251381 -5.23780 1800 A  1881 999 999 
z4qso_756  30.876038 -5.76532 1800 A  1881 999 999 
z4qso_757  30.713995 -4.85692 1800 A  1881 999 999 
z4qso_758  30.564686 -5.00554 1800 A  1881 999 999 
z4qso_759  33.457237 -4.55007 1800 A  1881 999 999 
z4qso_760  33.280792 -5.26012 1800 A  1881 999 999 
z4qso_761  32.956425 -5.56372 1800 A  1881 999 999 
z4qso_762  32.923752 -5.04722 1800 A  1881 999 999 
z4qso_763  32.717464 -5.87143 1800 A  1881 999 999 
z4qso_764  32.671471 -5.32640 1800 A  1881 999 999 
z4qso_765  32.191624 -4.54803 1800 A  1881 999 999 
z4qso_766  34.734070 -5.90628 1800 A  1881 999 999 
z4qso_767  34.724697 -5.55210 1800 A  1881 999 999 
z4qso_768  34.661499 -5.62223 1800 A  1881 999 999 
z4qso_769  34.386692 -5.91299 1800 A  1881 999 999 
z4qso_770  34.393242 -5.08737 1800 A  1881 999 999 
z4qso_771  36.314358 -5.68971 1800 A  1881 999 999 
z4qso_772  36.318661 -4.73363 1800 A  1881 999 999 
z4qso_773  36.190395 -4.51027 1800 A  1881 999 999 
z4qso_774  35.824181 -5.31429 1800 A  1881 999 999 
z4qso_775  35.780418 -5.38637 1800 A  1881 999 999 
z4qso_776  35.697163 -4.86235 1800 A  1881 999 999 
z4qso_777  35.557365 -4.95026 1800 A  1881 999 999 
z4qso_778  35.104603 -5.29403 1800 A  1881 999 999 
z4qso_779  37.916130 -5.31487 1800 A  1881 999 999 
z4qso_780  37.110516 -4.61459 1800 A  1881 999 999 
z4qso_781  36.870850 -4.81323 1800 A  1881 999 999 
z4qso_782  36.730953 -4.66125 1800 A  1881 999 999 
z4qso_783  36.629215 -4.75186 1800 A  1881 999 999 
z4qso_784  36.651253 -4.59713 1800 A  1881 999 999 
z4qso_785  39.231266 -5.70172 1800 A  1881 999 999 
z4qso_786  39.161800 -5.15555 1800 A  1881 999 999 
z4qso_787  38.923630 -4.94482 1800 A  1881 999 999 
z4qso_788  38.868954 -4.71267 1800 A  1881 999 999 
z4qso_789  38.815845 -4.58988 1800 A  1881 999 999 
z4qso_790  38.744766 -5.04809 1800 A  1881 999 999 
z4qso_791  38.531422 -5.73043 1800 A  1881 999 999 
z4qso_792  38.134121 -5.04422 1800 A  1881 999 999 
z4qso_793  39.788425 -5.13189 1800 A  1881 999 999 
z4qso_794  39.684765 -5.65201 1800 A  1881 999 999 
z4qso_795  39.504498 -5.44792 1800 A  1881 999 999 
z4qso_796  39.499149 -4.99865 1800 A  1881 999 999 
z4qso_797  30.364618 -4.15639 1800 A  1881 999 999 
z4qso_798  30.385670 -3.85819 1800 A  1881 999 999 
z4qso_799  29.674946 -3.21210 1800 A  1881 999 999 
z4qso_800  29.496641 -3.88176 1800 A  1881 999 999 
z4qso_801  29.365740 -3.97111 1800 A  1881 999 999 
z4qso_802  29.462456 -3.06795 1800 A  1881 999 999 
z4qso_803  29.206230 -3.46717 1800 A  1881 999 999 
z4qso_804  29.201347 -3.37802 1800 A  1881 999 999 
z4qso_805  31.646650 -4.18329 1800 A  1881 999 999 
z4qso_806  31.386005 -3.72459 1800 A  1881 999 999 
z4qso_807  31.479887 -3.44191 1800 A  1881 999 999 
z4qso_808  31.170284 -4.43613 1800 A  1881 999 999 
z4qso_809  31.017296 -3.37880 1800 A  1881 999 999 
z4qso_810  32.347694 -4.27003 1800 A  1881 999 999 
z4qso_811  32.318920 -3.90592 1800 A  1881 999 999 
z4qso_812  34.925747 -3.92201 1800 A  1881 999 999 
z4qso_813  34.729401 -4.14340 1800 A  1881 999 999 
z4qso_814  34.002262 -3.00602 1800 A  1881 999 999 
z4qso_815  33.771656 -3.81423 1800 A  1881 999 999 
z4qso_816  33.919746 -3.14734 1800 A  1881 999 999 
z4qso_817  36.244934 -3.11939 1800 A  1881 999 999 
z4qso_818  35.953453 -4.32556 1800 A  1881 999 999 
z4qso_819  35.853298 -3.09752 1800 A  1881 999 999 
z4qso_820  35.515690 -3.30826 1800 A  1881 999 999 
z4qso_821  35.408806 -4.05889 1800 A  1881 999 999 
z4qso_822  37.913849 -4.39719 1800 A  1881 999 999 
z4qso_823  37.640308 -4.39143 1800 A  1881 999 999 
z4qso_824  37.592762 -4.07073 1800 A  1881 999 999 
z4qso_825  37.410809 -3.96987 1800 A  1881 999 999 
z4qso_826  37.217152 -3.86691 1800 A  1881 999 999 
z4qso_827  36.959293 -3.65031 1800 A  1881 999 999 
z4qso_828  38.811752 -4.02804 1800 A  1881 999 999 
z4qso_829  38.613728 -4.01730 1800 A  1881 999 999 
z4qso_830  39.607834 -4.31159 1800 A  1881 999 999 
z4qso_831  30.485510 -2.65880 1800 A  1881 999 999 
z4qso_832  30.175285 -2.10031 1800 A  1881 999 999 
z4qso_833  30.145504 -2.05418 1800 A  1881 999 999 
z4qso_834  29.900671 -1.75808 1800 A  1881 999 999 
z4qso_835  29.955387 -1.74667 1800 A  1881 999 999 
z4qso_836  29.887045 -1.72393 1800 A  1881 999 999 
z4qso_837  29.898029 -1.72307 1800 A  1881 999 999 
z4qso_838  29.457724 -2.61951 1800 A  1881 999 999 
z4qso_839  29.252792 -2.10359 1800 A  1881 999 999 
z4qso_840  29.128408 -1.68695 1800 A  1881 999 999 
z4qso_841  29.087368 -1.84907 1800 A  1881 999 999 
z4qso_842  31.893454 -1.65351 1800 A  1881 999 999 
z4qso_843  31.873960 -1.91614 1800 A  1881 999 999 
z4qso_844  31.563517 -2.94858 1800 A  1881 999 999 
z4qso_845  31.508045 -2.76951 1800 A  1881 999 999 
z4qso_846  31.402834 -1.72549 1800 A  1881 999 999 
z4qso_847  30.971071 -1.56079 1800 A  1881 999 999 
z4qso_848  30.834602 -2.62502 1800 A  1881 999 999 
z4qso_849  30.920429 -2.62028 1800 A  1881 999 999 
z4qso_850  30.865952 -2.26711 1800 A  1881 999 999 
z4qso_851  30.681250 -2.46719 1800 A  1881 999 999 
z4qso_852  33.162258 -2.11130 1800 A  1881 999 999 
z4qso_853  33.088139 -2.05843 1800 A  1881 999 999 
z4qso_854  32.815041 -2.90114 1800 A  1881 999 999 
z4qso_855  34.842339 -2.10453 1800 A  1881 999 999 
z4qso_856  34.630535 -1.98920 1800 A  1881 999 999 
z4qso_857  33.846382 -2.67669 1800 A  1881 999 999 
z4qso_858  33.647179 -1.66715 1800 A  1881 999 999 
z4qso_859  33.491249 -2.66691 1800 A  1881 999 999 
z4qso_860  36.289238 -2.11774 1800 A  1881 999 999 
z4qso_861  36.251335 -1.96703 1800 A  1881 999 999 
z4qso_862  36.135700 -1.50201 1800 A  1881 999 999 
z4qso_863  35.802414 -2.85871 1800 A  1881 999 999 
z4qso_864  35.852238 -2.68948 1800 A  1881 999 999 
z4qso_865  35.764748 -2.90694 1800 A  1881 999 999 
z4qso_866  35.635342 -1.91158 1800 A  1881 999 999 
z4qso_867  35.760422 -1.53749 1800 A  1881 999 999 
z4qso_868  35.470081 -2.64649 1800 A  1881 999 999 
z4qso_869  35.444378 -2.26555 1800 A  1881 999 999 
z4qso_870  35.600262 -1.93504 1800 A  1881 999 999 
z4qso_871  35.434212 -1.68124 1800 A  1881 999 999 
z4qso_872  35.353672 -2.33690 1800 A  1881 999 999 
z4qso_873  35.002342 -1.58638 1800 A  1881 999 999 
z4qso_874  37.360184 -2.96324 1800 A  1881 999 999 
z4qso_875  37.387310 -2.77425 1800 A  1881 999 999 
z4qso_876  37.166695 -2.70739 1800 A  1881 999 999 
z4qso_877  37.045982 -2.70450 1800 A  1881 999 999 
z4qso_878  36.929657 -2.54216 1800 A  1881 999 999 
z4qso_879  37.041340 -1.71717 1800 A  1881 999 999 
z4qso_880  36.514191 -1.59173 1800 A  1881 999 999 
z4qso_881  39.179569 -2.46661 1800 A  1881 999 999 
z4qso_882  38.854218 -2.17792 1800 A  1881 999 999 
z4qso_883  38.890770 -1.81308 1800 A  1881 999 999 
z4qso_884  38.659840 -2.59129 1800 A  1881 999 999 
z4qso_885  37.971111 -2.31541 1800 A  1881 999 999 
z4qso_886  136.057983 -2.22103 1800 A  1881 999 999 
z4qso_887  135.973602 -2.13117 1800 A  1881 999 999 
z4qso_888  135.933441 -1.94455 1800 A  1881 999 999 
z4qso_889  135.096054 -2.10890 1800 A  1881 999 999 
z4qso_890  135.163910 -1.83688 1800 A  1881 999 999 
z4qso_891  134.736588 -1.94232 1800 A  1881 999 999 
z4qso_892  137.408997 -2.14830 1800 A  1881 999 999 
z4qso_893  137.284515 -2.13050 1800 A  1881 999 999 
z4qso_894  136.779099 -1.98168 1800 A  1881 999 999 
z4qso_895  136.510254 -2.40726 1800 A  1881 999 999 
z4qso_896  136.434143 -2.14095 1800 A  1881 999 999 
z4qso_897  138.819199 -2.07456 1800 A  1881 999 999 
z4qso_898  138.821075 -1.68736 1800 A  1881 999 999 
z4qso_899  138.614182 -2.00040 1800 A  1881 999 999 
z4qso_900  138.491562 -1.82076 1800 A  1881 999 999 
z4qso_901  138.496429 -1.92517 1800 A  1881 999 999 
z4qso_902  138.520721 -1.53140 1800 A  1881 999 999 
z4qso_903  138.400452 -1.70189 1800 A  1881 999 999 
z4qso_904  138.416687 -1.57623 1800 A  1881 999 999 
z4qso_905  138.078461 -1.65841 1800 A  1881 999 999 
z4qso_906  137.918839 -1.92575 1800 A  1881 999 999 
z4qso_907  140.567535 -1.50685 1800 A  1881 999 999 
z4qso_908  139.718414 -2.28793 1800 A  1881 999 999 
z4qso_909  139.185883 -2.03274 1800 A  1881 999 999 
z4qso_910  139.172775 -2.28707 1800 A  1881 999 999 
z4qso_911  177.661865 -1.97214 1800 A  1881 999 999 
z4qso_912  177.328003 -2.03305 1800 A  1881 999 999 
z4qso_913  177.270950 -1.75260 1800 A  1881 999 999 
z4qso_914  177.290939 -1.74462 1800 A  1881 999 999 
z4qso_915  176.709351 -1.97670 1800 A  1881 999 999 
z4qso_916  176.548233 -2.12001 1800 A  1881 999 999 
z4qso_917  176.361801 -1.93130 1800 A  1881 999 999 
z4qso_918  179.017929 -2.10727 1800 A  1881 999 999 
z4qso_919  179.001877 -1.58743 1800 A  1881 999 999 
z4qso_920  178.166046 -2.11183 1800 A  1881 999 999 
z4qso_921  178.201828 -2.07431 1800 A  1881 999 999 
z4qso_922  180.563354 -2.33524 1800 A  1881 999 999 
z4qso_923  179.331558 -2.39417 1800 A  1881 999 999 
z4qso_924  179.329651 -2.08343 1800 A  1881 999 999 
z4qso_925  179.286026 -1.81697 1800 A  1881 999 999 
z4qso_926  181.723816 -2.15554 1800 A  1881 999 999 
z4qso_927  181.748154 -1.86915 1800 A  1881 999 999 
z4qso_928  181.516922 -1.73394 1800 A  1881 999 999 
z4qso_929  182.780945 -1.80282 1800 A  1881 999 999 
z4qso_930  182.844559 -1.57418 1800 A  1881 999 999 
z4qso_931  182.465103 -1.70013 1800 A  1881 999 999 
z4qso_932  210.478928 -1.68471 1800 A  1881 999 999 
z4qso_933  209.744202 -1.53834 1800 A  1881 999 999 
z4qso_934  209.607162 -1.83103 1800 A  1881 999 999 
z4qso_935  209.483139 -1.50146 1800 A  1881 999 999 
z4qso_936  211.927887 -2.01926 1800 A  1881 999 999 
z4qso_937  211.557724 -2.23069 1800 A  1881 999 999 
z4qso_938  211.532394 -1.77532 1800 A  1881 999 999 
z4qso_939  211.443085 -2.24929 1800 A  1881 999 999 
z4qso_940  210.823914 -1.50399 1800 A  1881 999 999 
z4qso_941  210.559067 -1.80093 1800 A  1881 999 999 
z4qso_942  213.355347 -2.42849 1800 A  1881 999 999 
z4qso_943  213.345490 -2.20945 1800 A  1881 999 999 
z4qso_944  213.015518 -2.47646 1800 A  1881 999 999 
z4qso_945  213.181000 -2.29722 1800 A  1881 999 999 
z4qso_946  212.968643 -2.20049 1800 A  1881 999 999 
z4qso_947  212.885910 -1.99475 1800 A  1881 999 999 
z4qso_948  212.344116 -2.29292 1800 A  1881 999 999 
z4qso_949  212.436249 -1.99251 1800 A  1881 999 999 
z4qso_950  214.512527 -2.43092 1800 A  1881 999 999 
z4qso_951  214.668167 -1.68774 1800 A  1881 999 999 
z4qso_952  214.431076 -2.46912 1800 A  1881 999 999 
z4qso_953  214.344498 -2.14397 1800 A  1881 999 999 
z4qso_954  213.748413 -2.23659 1800 A  1881 999 999 
z4qso_955  216.007263 -1.54288 1800 A  1881 999 999 
z4qso_956  215.677444 -1.99763 1800 A  1881 999 999 
z4qso_957  215.710693 -1.81629 1800 A  1881 999 999 
z4qso_958  215.566757 -1.56095 1800 A  1881 999 999 
z4qso_959  215.409790 -1.73364 1800 A  1881 999 999 
z4qso_960  216.869934 -1.83365 1800 A  1881 999 999 
z4qso_961  216.788452 -1.63861 1800 A  1881 999 999 
z4qso_962  216.635818 -1.88340 1800 A  1881 999 999 
z4qso_963  219.109711 -1.69084 1800 A  1881 999 999 
z4qso_964  218.907959 -2.31682 1800 A  1881 999 999 
z4qso_965  218.928574 -2.01342 1800 A  1881 999 999 
z4qso_966  218.557541 -1.98286 1800 A  1881 999 999 
z4qso_967  220.448547 -2.30663 1800 A  1881 999 999 
z4qso_968  220.247131 -2.12189 1800 A  1881 999 999 
z4qso_969  219.875549 -2.38586 1800 A  1881 999 999 
z4qso_970  219.708862 -1.95285 1800 A  1881 999 999 
z4qso_971  222.175415 -1.86129 1800 A  1881 999 999 
z4qso_972  221.927856 -1.52791 1800 A  1881 999 999 
z4qso_973  221.422211 -2.40229 1800 A  1881 999 999 
z4qso_974  221.052826 -1.90348 1800 A  1881 999 999 
z4qso_975  223.602570 -2.15618 1800 A  1881 999 999 
z4qso_976  223.499863 -2.12884 1800 A  1881 999 999 
z4qso_977  222.849609 -1.61491 1800 A  1881 999 999 
z4qso_978  224.937958 -1.80323 1800 A  1881 999 999 
z4qso_979  225.015244 -1.73915 1800 A  1881 999 999 
z4qso_980  224.744446 -2.27016 1800 A  1881 999 999 
z4qso_981  224.871078 -2.01423 1800 A  1881 999 999 
z4qso_982  224.890198 -1.58015 1800 A  1881 999 999 
z4qso_983  224.666367 -1.86492 1800 A  1881 999 999 
z4qso_984  224.503723 -1.55767 1800 A  1881 999 999 
z4qso_985  224.269592 -1.88461 1800 A  1881 999 999 
z4qso_986  223.918396 -1.63747 1800 A  1881 999 999 
z4qso_987  330.893372 -1.52826 1800 A  1881 999 999 
z4qso_988  129.266312 -1.01259 1800 A  1881 999 999 
z4qso_989  128.617798 -0.90849 1800 A  1881 999 999 
z4qso_990  128.571426 -0.46013 1800 A  1881 999 999 
z4qso_991  131.033096 -1.00895 1800 A  1881 999 999 
z4qso_992  130.531464 -1.25965 1800 A  1881 999 999 
z4qso_993  130.496689 -1.21019 1800 A  1881 999 999 
z4qso_994  130.645065 -0.49875 1800 A  1881 999 999 
z4qso_995  130.615204 -0.02771 1800 A  1881 999 999 
z4qso_996  130.294434 -0.70383 1800 A  1881 999 999 
z4qso_997  130.180191 -1.03940 1800 A  1881 999 999 
z4qso_998  129.930801 -0.11776 1800 A  1881 999 999 
z4qso_999  129.786804 -0.62879 1800 A  1881 999 999 
z4qso_1000 132.503403 -1.24221 1800 A  1881 999 999 
z4qso_1001 132.365982 -0.78618 1800 A  1881 999 999 
z4qso_1002 132.431168 -0.72547 1800 A  1881 999 999 
z4qso_1003 131.925323 -1.09377 1800 A  1881 999 999 
z4qso_1004 134.005478 -1.29724 1800 A  1881 999 999 
z4qso_1005 133.819855 -1.24692 1800 A  1881 999 999 
z4qso_1006 133.852982 -1.10776 1800 A  1881 999 999 
z4qso_1007 135.554764 -0.18873 1800 A  1881 999 999 
z4qso_1008 135.235672 -1.30237 1800 A  1881 999 999 
z4qso_1009 134.684158 -1.07596 1800 A  1881 999 999 
z4qso_1010 134.554810 -0.88344 1800 A  1881 999 999 
z4qso_1011 134.555756 -0.57375 1800 A  1881 999 999 
z4qso_1012 134.517685 -0.19787 1800 A  1881 999 999 
z4qso_1013 137.006836 -1.11115 1800 A  1881 999 999 
z4qso_1014 136.914658 -1.17449 1800 A  1881 999 999 
z4qso_1015 136.919708 -0.89191 1800 A  1881 999 999 
z4qso_1016 136.585251 -1.05994 1800 A  1881 999 999 
z4qso_1017 135.895325 -0.92860 1800 A  1881 999 999 
z4qso_1018 135.770844 -0.84388 1800 A  1881 999 999 
z4qso_1019 138.291779 -1.15519 1800 A  1881 999 999 
z4qso_1020 138.355316 -0.35256 1800 A  1881 999 999 
z4qso_1021 137.947083 -0.53175 1800 A  1881 999 999 
z4qso_1022 137.259338 -0.55196 1800 A  1881 999 999 
z4qso_1023 137.260544 -0.31644 1800 A  1881 999 999 
z4qso_1024 139.262604 -1.04584 1800 A  1881 999 999 
z4qso_1025 139.256638 -0.24494 1800 A  1881 999 999 
z4qso_1026 138.608246 -0.60967 1800 A  1881 999 999 
z4qso_1027 138.560287 -1.26419 1800 A  1881 999 999 
z4qso_1028 141.406174 -0.87663 1800 A  1881 999 999 
z4qso_1029 141.278137 -0.75205 1800 A  1881 999 999 
z4qso_1030 141.273224 -0.29919 1800 A  1881 999 999 
z4qso_1031 141.030289 -0.64265 1800 A  1881 999 999 
z4qso_1032 140.660278 -1.27372 1800 A  1881 999 999 
z4qso_1033 140.645248 -0.44453 1800 A  1881 999 999 
z4qso_1034 140.642502 -0.11313 1800 A  1881 999 999 
z4qso_1035 140.443069 -0.86042 1800 A  1881 999 999 
z4qso_1036 140.275742 -0.36345 1800 A  1881 999 999 
z4qso_1037 176.837723 -1.12489 1800 A  1881 999 999 
z4qso_1038 176.793411 -0.58466 1800 A  1881 999 999 
z4qso_1039 176.861206 -0.48361 1800 A  1881 999 999 
z4qso_1040 176.700577 -0.18608 1800 A  1881 999 999 
z4qso_1041 175.914673 -1.13146 1800 A  1881 999 999 
z4qso_1042 175.908646 -0.66740 1800 A  1881 999 999 
z4qso_1043 175.724060 -0.93031 1800 A  1881 999 999 
z4qso_1044 178.404236 -1.34573 1800 A  1881 999 999 
z4qso_1045 178.220581 -1.11505 1800 A  1881 999 999 
z4qso_1046 177.518768 -0.41195 1800 A  1881 999 999 
z4qso_1047 177.076080 -0.39742 1800 A  1881 999 999 
z4qso_1048 179.613327 -1.13065 1800 A  1881 999 999 
z4qso_1049 179.085785 -1.23555 1800 A  1881 999 999 
z4qso_1050 179.042999 -1.12462 1800 A  1881 999 999 
z4qso_1051 179.070755 -0.99363 1800 A  1881 999 999 
z4qso_1052 178.673904 -0.77011 1800 A  1881 999 999 
z4qso_1053 180.356812 -1.24305 1800 A  1881 999 999 
z4qso_1054 180.347733 -0.25664 1800 A  1881 999 999 
z4qso_1055 182.183655 -1.40753 1800 A  1881 999 999 
z4qso_1056 181.626541 -0.69547 1800 A  1881 999 999 
z4qso_1057 210.541061 -0.88653 1800 A  1881 999 999 
z4qso_1058 210.340973 -0.28481 1800 A  1881 999 999 
z4qso_1059 210.257050 -0.89321 1800 A  1881 999 999 
z4qso_1060 210.005386 -1.39738 1800 A  1881 999 999 
z4qso_1061 209.783844 -1.09037 1800 A  1881 999 999 
z4qso_1062 211.763016 -1.03750 1800 A  1881 999 999 
z4qso_1063 211.512741 -0.63308 1800 A  1881 999 999 
z4qso_1064 211.557434 -0.21721 1800 A  1881 999 999 
z4qso_1065 213.757172 -0.08711 1800 A  1881 999 999 
z4qso_1066 213.603867 -0.45142 1800 A  1881 999 999 
z4qso_1067 213.418701 -0.26335 1800 A  1881 999 999 
z4qso_1068 212.622025 -0.32367 1800 A  1881 999 999 
z4qso_1069 215.368225 -0.18625 1800 A  1881 999 999 
z4qso_1070 214.389648 -1.07621 1800 A  1881 999 999 
z4qso_1071 214.414413 -0.73005 1800 A  1881 999 999 
z4qso_1072 216.920197 -0.61969 1800 A  1881 999 999 
z4qso_1073 216.399307 -0.19075 1800 A  1881 999 999 
z4qso_1074 216.004196 -1.19531 1800 A  1881 999 999 
z4qso_1075 218.432678 -1.18505 1800 A  1881 999 999 
z4qso_1076 218.118820 -0.73016 1800 A  1881 999 999 
z4qso_1077 218.207626 -0.82283 1800 A  1881 999 999 
z4qso_1078 217.498901 -1.44078 1800 A  1881 999 999 
z4qso_1079 217.453537 -0.30971 1800 A  1881 999 999 
z4qso_1080 219.927856 -1.04520 1800 A  1881 999 999 
z4qso_1081 219.643738 -0.51838 1800 A  1881 999 999 
z4qso_1082 219.680710 -0.17693 1800 A  1881 999 999 
z4qso_1083 219.434341 -0.66049 1800 A  1881 999 999 
z4qso_1084 219.485260 -0.22867 1800 A  1881 999 999 
z4qso_1085 219.242508 -1.25285 1800 A  1881 999 999 
z4qso_1086 218.667038 -0.82572 1800 A  1881 999 999 
z4qso_1087 221.017883 -0.79954 1800 A  1881 999 999 
z4qso_1088 220.667877 -0.84852 1800 A  1881 999 999 
z4qso_1089 220.674835 -0.47265 1800 A  1881 999 999 
z4qso_1090 220.366196 -0.52779 1800 A  1881 999 999 
z4qso_1091 220.161453 -1.46182 1800 A  1881 999 999 
z4qso_1092 222.115631 -0.08973 1800 A  1881 999 999 
z4qso_1093 224.422195 -1.05154 1800 A  1881 999 999 
z4qso_1094 223.763931 -0.98115 1800 A  1881 999 999 
z4qso_1095 223.581482 -0.31441 1800 A  1881 999 999 
z4qso_1096 223.581940 -0.29215 1800 A  1881 999 999 
z4qso_1097 223.597839 -0.26517 1800 A  1881 999 999 
z4qso_1098 225.904694 -0.42691 1800 A  1881 999 999 
z4qso_1099 225.721359 -0.77016 1800 A  1881 999 999 
z4qso_1100 225.559509 -0.87108 1800 A  1881 999 999 
z4qso_1101 225.164200 -0.83944 1800 A  1881 999 999 
z4qso_1102 225.200485 -0.73891 1800 A  1881 999 999 
z4qso_1103 224.683456 -0.02967 1800 A  1881 999 999 
z4qso_1104 330.693115 -1.23077 1800 A  1881 999 999 
z4qso_1105 330.723358 -1.39234 1800 A  1881 999 999 
z4qso_1106 330.349274 -0.97549 1800 A  1881 999 999 
z4qso_1107 330.427917 -0.54163 1800 A  1881 999 999 
z4qso_1108 330.408691 -0.16106 1800 A  1881 999 999 
z4qso_1109 330.110718 -0.66229 1800 A  1881 999 999 
z4qso_1110 330.029755 -0.22514 1800 A  1881 999 999 
z4qso_1111 329.793915 -0.10651 1800 A  1881 999 999 
z4qso_1112 332.236328 -1.26189 1800 A  1881 999 999 
z4qso_1113 331.217438 -1.38969 1800 A  1881 999 999 
z4qso_1114 334.016418 -0.68855 1800 A  1881 999 999 
z4qso_1115 333.756104 -1.17144 1800 A  1881 999 999 
z4qso_1116 333.781097 -0.58039 1800 A  1881 999 999 
z4qso_1117 333.726929 -0.29694 1800 A  1881 999 999 
z4qso_1118 333.543152 -1.01545 1800 A  1881 999 999 
z4qso_1119 333.603638 -0.75909 1800 A  1881 999 999 
z4qso_1120 333.588623 -0.07434 1800 A  1881 999 999 
z4qso_1121 333.335358 -0.47781 1800 A  1881 999 999 
z4qso_1122 333.291870 -0.24834 1800 A  1881 999 999 
z4qso_1123 333.100098 -0.63877 1800 A  1881 999 999 
z4qso_1124 332.984131 -0.92399 1800 A  1881 999 999 
z4qso_1125 335.151306 -1.21625 1800 A  1881 999 999 
z4qso_1126 334.969543 -1.37601 1800 A  1881 999 999 
z4qso_1127 334.923248 -1.27118 1800 A  1881 999 999 
z4qso_1128 335.006378 -0.63565 1800 A  1881 999 999 
z4qso_1129 334.773254 -0.91417 1800 A  1881 999 999 
z4qso_1130 334.873169 -0.89854 1800 A  1881 999 999 
z4qso_1131 334.708038 -1.07592 1800 A  1881 999 999 
z4qso_1132 334.575134 -0.77854 1800 A  1881 999 999 
z4qso_1133 334.552551 -0.60018 1800 A  1881 999 999 
z4qso_1134 334.495575 -0.94712 1800 A  1881 999 999 
z4qso_1135 334.323883 -1.41593 1800 A  1881 999 999 
z4qso_1136 337.023071 -0.15233 1800 A  1881 999 999 
z4qso_1137 335.723053 -1.33908 1800 A  1881 999 999 
z4qso_1138 335.787384 -1.10137 1800 A  1881 999 999 
z4qso_1139 337.863647 -0.82083 1800 A  1881 999 999 
z4qso_1140 337.548523 -1.12248 1800 A  1881 999 999 
z4qso_1141 341.339813 -0.52808 1800 A  1881 999 999 
z4qso_1142 340.865326 -1.00564 1800 A  1881 999 999 
z4qso_1143 340.380188 -0.19639 1800 A  1881 999 999 
z4qso_1144 340.214294 -0.40231 1800 A  1881 999 999 
z4qso_1145 342.578583 -0.49680 1800 A  1881 999 999 
z4qso_1146 343.081665 -0.23371 1800 A  1881 999 999 
z4qso_1147 129.561050 1.25571 1800 A  1881 999 999 
z4qso_1148 129.288025 0.41612 1800 A  1881 999 999 
z4qso_1149 129.146881 0.53501 1800 A  1881 999 999 
z4qso_1150 128.729050 1.23293 1800 A  1881 999 999 
z4qso_1151 128.500900 0.05975 1800 A  1881 999 999 
z4qso_1152 128.305832 0.47735 1800 A  1881 999 999 
z4qso_1153 128.237442 1.33655 1800 A  1881 999 999 
z4qso_1154 130.153946 1.22666 1800 A  1881 999 999 
z4qso_1155 132.061646 0.07956 1800 A  1881 999 999 
z4qso_1156 131.173737 1.32608 1800 A  1881 999 999 
z4qso_1157 133.977676 0.18001 1800 A  1881 999 999 
z4qso_1158 133.679428 0.51655 1800 A  1881 999 999 
z4qso_1159 133.504333 0.79641 1800 A  1881 999 999 
z4qso_1160 132.841782 0.18829 1800 A  1881 999 999 
z4qso_1161 132.647217 0.26173 1800 A  1881 999 999 
z4qso_1162 135.291595 0.47478 1800 A  1881 999 999 
z4qso_1163 135.449493 1.13454 1800 A  1881 999 999 
z4qso_1164 135.140778 0.54945 1800 A  1881 999 999 
z4qso_1165 135.123962 1.12372 1800 A  1881 999 999 
z4qso_1166 135.121643 1.42542 1800 A  1881 999 999 
z4qso_1167 134.889420 1.02214 1800 A  1881 999 999 
z4qso_1168 134.768631 1.29740 1800 A  1881 999 999 
z4qso_1169 134.507874 0.41615 1800 A  1881 999 999 
z4qso_1170 136.726120 0.62213 1800 A  1881 999 999 
z4qso_1171 136.198608 1.34913 1800 A  1881 999 999 
z4qso_1172 135.892502 0.09253 1800 A  1881 999 999 
z4qso_1173 135.994827 0.36189 1800 A  1881 999 999 
z4qso_1174 135.872223 1.07573 1800 A  1881 999 999 
z4qso_1175 138.260574 0.64134 1800 A  1881 999 999 
z4qso_1176 137.828888 1.45949 1800 A  1881 999 999 
z4qso_1177 137.138824 0.63623 1800 A  1881 999 999 
z4qso_1178 139.831177 1.39029 1800 A  1881 999 999 
z4qso_1179 139.270493 0.08684 1800 A  1881 999 999 
z4qso_1180 138.816589 0.34662 1800 A  1881 999 999 
z4qso_1181 138.658966 1.07198 1800 A  1881 999 999 
z4qso_1182 141.322037 0.22795 1800 A  1881 999 999 
z4qso_1183 141.362747 0.72642 1800 A  1881 999 999 
z4qso_1184 141.187119 0.24105 1800 A  1881 999 999 
z4qso_1185 141.034103 1.26144 1800 A  1881 999 999 
z4qso_1186 141.207199 1.30382 1800 A  1881 999 999 
z4qso_1187 141.010666 0.90216 1800 A  1881 999 999 
z4qso_1188 140.885300 1.19141 1800 A  1881 999 999 
z4qso_1189 140.773178 0.80388 1800 A  1881 999 999 
z4qso_1190 140.418137 0.98355 1800 A  1881 999 999 
z4qso_1191 176.541656 1.40609 1800 A  1881 999 999 
z4qso_1192 176.109543 1.33752 1800 A  1881 999 999 
z4qso_1193 175.781708 0.17872 1800 A  1881 999 999 
z4qso_1194 178.097061 0.11613 1800 A  1881 999 999 
z4qso_1195 178.143387 0.46935 1800 A  1881 999 999 
z4qso_1196 178.064117 1.21614 1800 A  1881 999 999 
z4qso_1197 177.666260 0.62284 1800 A  1881 999 999 
z4qso_1198 179.563461 1.27479 1800 A  1881 999 999 
z4qso_1199 179.391541 0.51970 1800 A  1881 999 999 
z4qso_1200 178.667297 0.32944 1800 A  1881 999 999 
z4qso_1201 181.327881 0.42601 1800 A  1881 999 999 
z4qso_1202 181.122711 0.61828 1800 A  1881 999 999 
z4qso_1203 180.827347 0.78138 1800 A  1881 999 999 
z4qso_1204 180.215149 1.06944 1800 A  1881 999 999 
z4qso_1205 182.948868 0.89525 1800 A  1881 999 999 
z4qso_1206 182.837753 0.71539 1800 A  1881 999 999 
z4qso_1207 182.773148 1.20780 1800 A  1881 999 999 
z4qso_1208 182.574142 1.08466 1800 A  1881 999 999 
z4qso_1209 182.021362 0.87134 1800 A  1881 999 999 
z4qso_1210 183.158936 0.67007 1800 A  1881 999 999 
z4qso_1211 210.316574 0.25055 1800 A  1881 999 999 
z4qso_1212 210.074921 0.20351 1800 A  1881 999 999 
z4qso_1213 210.071259 0.83806 1800 A  1881 999 999 
z4qso_1214 209.925308 1.02529 1800 A  1881 999 999 
z4qso_1215 210.063675 1.25131 1800 A  1881 999 999 
z4qso_1216 209.812210 1.05867 1800 A  1881 999 999 
z4qso_1217 209.809982 1.45199 1800 A  1881 999 999 
z4qso_1218 213.917679 1.17309 1800 A  1881 999 999 
z4qso_1219 213.777908 1.33882 1800 A  1881 999 999 
z4qso_1220 213.540146 0.86332 1800 A  1881 999 999 
z4qso_1221 213.041351 1.09016 1800 A  1881 999 999 
z4qso_1222 212.715302 0.34232 1800 A  1881 999 999 
z4qso_1223 212.695267 1.22291 1800 A  1881 999 999 
z4qso_1224 212.642410 1.22884 1800 A  1881 999 999 
z4qso_1225 214.411057 1.06269 1800 A  1881 999 999 
z4qso_1226 216.465103 0.13807 1800 A  1881 999 999 
z4qso_1227 215.602310 0.09345 1800 A  1881 999 999 
z4qso_1228 218.437286 0.06249 1800 A  1881 999 999 
z4qso_1229 218.275726 0.90595 1800 A  1881 999 999 
z4qso_1230 218.341736 1.10572 1800 A  1881 999 999 
z4qso_1231 218.121277 1.37125 1800 A  1881 999 999 
z4qso_1232 217.581818 1.13530 1800 A  1881 999 999 
z4qso_1233 217.354294 1.26125 1800 A  1881 999 999 
z4qso_1234 217.113358 0.41864 1800 A  1881 999 999 
z4qso_1235 219.888824 1.05498 1800 A  1881 999 999 
z4qso_1236 219.075943 0.74165 1800 A  1881 999 999 
z4qso_1237 218.888870 1.32517 1800 A  1881 999 999 
z4qso_1238 218.648529 0.57023 1800 A  1881 999 999 
z4qso_1239 221.011215 0.34875 1800 A  1881 999 999 
z4qso_1240 220.883728 0.74018 1800 A  1881 999 999 
z4qso_1241 220.067719 1.31127 1800 A  1881 999 999 
z4qso_1242 222.859634 1.32591 1800 A  1881 999 999 
z4qso_1243 221.688385 0.07234 1800 A  1881 999 999 
z4qso_1244 221.592682 0.63887 1800 A  1881 999 999 
z4qso_1245 225.771011 0.40092 1800 A  1881 999 999 
z4qso_1246 225.713242 0.28298 1800 A  1881 999 999 
z4qso_1247 225.727982 0.59578 1800 A  1881 999 999 
z4qso_1248 225.660690 1.12608 1800 A  1881 999 999 
z4qso_1249 225.562775 0.76815 1800 A  1881 999 999 
z4qso_1250 225.539062 1.02652 1800 A  1881 999 999 
z4qso_1251 225.248444 1.37158 1800 A  1881 999 999 
z4qso_1252 225.173599 1.40172 1800 A  1881 999 999 
z4qso_1253 225.030334 1.11507 1800 A  1881 999 999 
z4qso_1254 225.037720 1.20581 1800 A  1881 999 999 
z4qso_1255 330.704651 0.75177 1800 A  1881 999 999 
z4qso_1256 330.748199 0.86997 1800 A  1881 999 999 
z4qso_1257 330.831451 1.03876 1800 A  1881 999 999 
z4qso_1258 330.486176 1.18697 1800 A  1881 999 999 
z4qso_1259 330.435455 0.07764 1800 A  1881 999 999 
z4qso_1260 329.952087 1.37160 1800 A  1881 999 999 
z4qso_1261 332.262024 1.41369 1800 A  1881 999 999 
z4qso_1262 331.663910 0.94275 1800 A  1881 999 999 
z4qso_1263 331.646149 1.07824 1800 A  1881 999 999 
z4qso_1264 334.027740 0.88878 1800 A  1881 999 999 
z4qso_1265 333.988098 0.95295 1800 A  1881 999 999 
z4qso_1266 333.854584 1.08511 1800 A  1881 999 999 
z4qso_1267 333.873962 1.29056 1800 A  1881 999 999 
z4qso_1268 333.485718 0.16328 1800 A  1881 999 999 
z4qso_1269 333.320862 0.34956 1800 A  1881 999 999 
z4qso_1270 333.309998 0.86743 1800 A  1881 999 999 
z4qso_1271 332.904633 0.08507 1800 A  1881 999 999 
z4qso_1272 332.913666 1.08549 1800 A  1881 999 999 
z4qso_1273 332.899078 1.31487 1800 A  1881 999 999 
z4qso_1274 332.773285 1.31317 1800 A  1881 999 999 
z4qso_1275 335.268005 0.94573 1800 A  1881 999 999 
z4qso_1276 335.192535 0.94557 1800 A  1881 999 999 
z4qso_1277 334.732758 0.75087 1800 A  1881 999 999 
z4qso_1278 334.774780 1.30949 1800 A  1881 999 999 
z4qso_1279 334.718597 0.84976 1800 A  1881 999 999 
z4qso_1280 334.595978 1.06269 1800 A  1881 999 999 
z4qso_1281 334.353485 0.97013 1800 A  1881 999 999 
z4qso_1282 336.614166 0.36046 1800 A  1881 999 999 
z4qso_1283 336.726624 0.79948 1800 A  1881 999 999 
z4qso_1284 335.735107 0.46264 1800 A  1881 999 999 
z4qso_1285 338.470612 0.39352 1800 A  1881 999 999 
z4qso_1286 338.307190 0.03968 1800 A  1881 999 999 
z4qso_1287 338.114746 0.96835 1800 A  1881 999 999 
z4qso_1288 338.140198 1.00201 1800 A  1881 999 999 
z4qso_1289 337.932373 0.03410 1800 A  1881 999 999 
z4qso_1290 337.708405 1.44515 1800 A  1881 999 999 
z4qso_1291 337.639771 0.21113 1800 A  1881 999 999 
z4qso_1292 337.343262 0.86570 1800 A  1881 999 999 
z4qso_1293 337.297913 0.01323 1800 A  1881 999 999 
z4qso_1294 339.236511 0.92104 1800 A  1881 999 999 
z4qso_1295 338.547241 1.41940 1800 A  1881 999 999 
z4qso_1296 340.957397 0.05114 1800 A  1881 999 999 
z4qso_1297 341.796539 0.95172 1800 A  1881 999 999 
z4qso_1298 343.770752 0.10511 1800 A  1881 999 999 
z4qso_1299 343.387512 0.02896 1800 A  1881 999 999 
z4qso_1300 128.576721 2.04287 1800 A  1881 999 999 
z4qso_1301 128.470840 2.44786 1800 A  1881 999 999 
z4qso_1302 128.126068 1.83736 1800 A  1881 999 999 
z4qso_1303 127.938255 2.36976 1800 A  1881 999 999 
z4qso_1304 129.968613 1.69338 1800 A  1881 999 999 
z4qso_1305 128.818802 1.92394 1800 A  1881 999 999 
z4qso_1306 128.839523 2.30405 1800 A  1881 999 999 
z4qso_1307 128.764816 2.47988 1800 A  1881 999 999 
z4qso_1308 130.456055 2.22034 1800 A  1881 999 999 
z4qso_1309 133.139969 2.92684 1800 A  1881 999 999 
z4qso_1310 132.941666 1.82320 1800 A  1881 999 999 
z4qso_1311 132.735046 2.66771 1800 A  1881 999 999 
z4qso_1312 132.518616 1.82571 1800 A  1881 999 999 
z4qso_1313 132.523010 2.61286 1800 A  1881 999 999 
z4qso_1314 131.744659 2.03065 1800 A  1881 999 999 
z4qso_1315 134.223083 2.63481 1800 A  1881 999 999 
z4qso_1316 134.046860 1.96891 1800 A  1881 999 999 
z4qso_1317 133.998489 2.05167 1800 A  1881 999 999 
z4qso_1318 133.950958 2.60768 1800 A  1881 999 999 
z4qso_1319 133.935867 2.82128 1800 A  1881 999 999 
z4qso_1320 133.715652 1.92031 1800 A  1881 999 999 
z4qso_1321 134.716202 2.92543 1800 A  1881 999 999 
z4qso_1322 137.498383 1.49577 1800 A  1881 999 999 
z4qso_1323 138.963181 1.78368 1800 A  1881 999 999 
z4qso_1324 138.724960 1.60311 1800 A  1881 999 999 
z4qso_1325 139.757690 1.88784 1800 A  1881 999 999 
z4qso_1326 139.173080 1.67490 1800 A  1881 999 999 
z4qso_1327 141.650742 2.31432 1800 A  1881 999 999 
z4qso_1328 141.604538 2.26841 1800 A  1881 999 999 
z4qso_1329 141.760193 2.34357 1800 A  1881 999 999 
z4qso_1330 141.453552 2.66016 1800 A  1881 999 999 
z4qso_1331 141.512177 2.79883 1800 A  1881 999 999 
z4qso_1332 141.293900 1.68434 1800 A  1881 999 999 
z4qso_1333 141.404877 1.79082 1800 A  1881 999 999 
z4qso_1334 141.326569 2.41066 1800 A  1881 999 999 
z4qso_1335 141.395752 2.90165 1800 A  1881 999 999 
z4qso_1336 141.166031 2.04915 1800 A  1881 999 999 
z4qso_1337 141.103073 2.78795 1800 A  1881 999 999 
z4qso_1338 140.981964 1.77874 1800 A  1881 999 999 
z4qso_1339 140.872223 2.32349 1800 A  1881 999 999 
z4qso_1340 180.304718 1.55320 1800 A  1881 999 999 
z4qso_1341 182.109711 1.63317 1800 A  1881 999 999 
z4qso_1342 182.011108 1.89599 1800 A  1881 999 999 
z4qso_1343 181.762573 1.60748 1800 A  1881 999 999 
z4qso_1344 182.851059 1.78204 1800 A  1881 999 999 
z4qso_1345 182.527451 1.59381 1800 A  1881 999 999 
z4qso_1346 182.641052 1.77026 1800 A  1881 999 999 
z4qso_1347 214.043365 1.67853 1800 A  1881 999 999 
z4qso_1348 217.580353 1.95878 1800 A  1881 999 999 
z4qso_1349 216.954086 1.53191 1800 A  1881 999 999 
z4qso_1350 219.250229 1.90509 1800 A  1881 999 999 
z4qso_1351 219.199310 1.94703 1800 A  1881 999 999 
z4qso_1352 218.781509 1.96609 1800 A  1881 999 999 
z4qso_1353 218.311111 1.73975 1800 A  1881 999 999 
z4qso_1354 220.711563 1.99168 1800 A  1881 999 999 
z4qso_1355 220.567673 1.80743 1800 A  1881 999 999 
z4qso_1356 219.842667 1.79442 1800 A  1881 999 999 
z4qso_1357 219.655502 1.53272 1800 A  1881 999 999 
z4qso_1358 219.678085 2.20156 1800 A  1881 999 999 
z4qso_1359 219.429092 1.77356 1800 A  1881 999 999 
z4qso_1360 330.615601 2.94662 1800 A  1881 999 999 
z4qso_1361 330.374725 1.97024 1800 A  1881 999 999 
z4qso_1362 330.468628 2.27915 1800 A  1881 999 999 
z4qso_1363 330.283875 2.40428 1800 A  1881 999 999 
z4qso_1364 330.188538 2.51473 1800 A  1881 999 999 
z4qso_1365 330.109283 1.72385 1800 A  1881 999 999 
z4qso_1366 329.549988 1.68016 1800 A  1881 999 999 
z4qso_1367 331.692780 2.82559 1800 A  1881 999 999 
z4qso_1368 331.587189 2.56350 1800 A  1881 999 999 
z4qso_1369 333.740234 2.58503 1800 A  1881 999 999 
z4qso_1370 333.870087 2.58654 1800 A  1881 999 999 
z4qso_1371 335.283203 2.20530 1800 A  1881 999 999 
z4qso_1372 335.049744 2.34332 1800 A  1881 999 999 
z4qso_1373 334.864075 1.62223 1800 A  1881 999 999 
z4qso_1374 334.713074 1.83134 1800 A  1881 999 999 
z4qso_1375 334.541473 2.24683 1800 A  1881 999 999 
z4qso_1376 334.367157 2.59093 1800 A  1881 999 999 
z4qso_1377 334.112915 2.83169 1800 A  1881 999 999 
z4qso_1378 336.894104 2.38798 1800 A  1881 999 999 
z4qso_1379 335.812286 1.62989 1800 A  1881 999 999 
z4qso_1380 335.833588 2.87059 1800 A  1881 999 999 
z4qso_1381 335.461609 1.80747 1800 A  1881 999 999 
z4qso_1382 338.277405 1.96124 1800 A  1881 999 999 
z4qso_1383 337.984283 2.74607 1800 A  1881 999 999 
z4qso_1384 337.878448 2.83701 1800 A  1881 999 999 
z4qso_1385 337.388184 2.39598 1800 A  1881 999 999 
z4qso_1386 339.567871 1.49156 1800 A  1881 999 999 
z4qso_1387 338.896454 2.17884 1800 A  1881 999 999 
z4qso_1388 338.683563 1.52996 1800 A  1881 999 999 
z4qso_1389 338.691742 1.58134 1800 A  1881 999 999 
z4qso_1390 338.644806 1.65769 1800 A  1881 999 999 
z4qso_1391 341.302917 2.60012 1800 A  1881 999 999 
z4qso_1392 340.780426 2.27568 1800 A  1881 999 999 
z4qso_1393 340.031799 2.38087 1800 A  1881 999 999 
z4qso_1394 342.347107 2.41450 1800 A  1881 999 999 
z4qso_1395 132.009888 3.10166 1800 A  1881 999 999 
z4qso_1396 131.763824 3.13871 1800 A  1881 999 999 
z4qso_1397 135.986588 3.76798 1800 A  1881 999 999 
z4qso_1398 134.643463 4.32447 1800 A  1881 999 999 
z4qso_1399 137.249908 3.16524 1800 A  1881 999 999 
z4qso_1400 138.866318 3.90544 1800 A  1881 999 999 
z4qso_1401 138.697906 3.29620 1800 A  1881 999 999 
z4qso_1402 140.142227 4.21300 1800 A  1881 999 999 
z4qso_1403 139.253021 3.23677 1800 A  1881 999 999 
z4qso_1404 141.668854 3.23596 1800 A  1881 999 999 
z4qso_1405 330.844269 3.00155 1800 A  1881 999 999 
z4qso_1406 335.939545 3.04382 1800 A  1881 999 999 
z4qso_1407 136.077057 5.19099 1800 A  1881 999 999 
z4qso_1408 135.926971 5.26011 1800 A  1881 999 999 
z4qso_1409 135.911911 5.52275 1800 A  1881 999 999 
z4qso_1410 135.410324 4.62082 1800 A  1881 999 999 
z4qso_1411 134.957504 4.51952 1800 A  1881 999 999 
z4qso_1412 134.830795 4.71964 1800 A  1881 999 999 
z4qso_1413 134.753769 4.91568 1800 A  1881 999 999 
z4qso_1414 136.144775 5.43913 1800 A  1881 999 999 
z4qso_1415 138.928604 5.21492 1800 A  1881 999 999 
z4qso_1416 138.692673 4.99446 1800 A  1881 999 999 
z4qso_1417 138.492477 5.38962 1800 A  1881 999 999 
z4qso_1418 138.020416 5.31535 1800 A  1881 999 999 
z4qso_1419 140.353897 4.59393 1800 A  1881 999 999 
z4qso_1420 140.451233 5.32216 1800 A  1881 999 999 
z4qso_1421 140.160217 5.19219 1800 A  1881 999 999 
z4qso_1422 140.088837 5.03326 1800 A  1881 999 999 
z4qso_1423 141.468002 4.47060 1800 A  1881 999 999 
z4qso_1424 141.422928 4.77064 1800 A  1881 999 999 
z4qso_1425 141.425858 4.79114 1800 A  1881 999 999 
z4qso_1426 141.505600 4.84548 1800 A  1881 999 999 
z4qso_1427 141.021378 5.28850 1800 A  1881 999 999 
z4qso_1428 237.668488 42.74386 1800 A  1881 999 999 
z4qso_1429 237.387787 42.56469 1800 A  1881 999 999 
z4qso_1430 237.079437 41.81010 1800 A  1881 999 999 
z4qso_1431 237.209152 42.74330 1800 A  1881 999 999 
z4qso_1432 236.865723 42.67619 1800 A  1881 999 999 
z4qso_1433 235.906937 42.48839 1800 A  1881 999 999 
z4qso_1434 235.968002 42.74252 1800 A  1881 999 999 
z4qso_1435 239.622574 42.22416 1800 A  1881 999 999 
z4qso_1436 239.241425 42.14169 1800 A  1881 999 999 
z4qso_1437 238.870621 42.06678 1800 A  1881 999 999 
z4qso_1438 238.052841 41.96151 1800 A  1881 999 999 
z4qso_1439 238.119202 42.08710 1800 A  1881 999 999 
z4qso_1440 237.717422 42.95995 1800 A  1881 999 999 
z4qso_1441 241.114502 42.09092 1800 A  1881 999 999 
z4qso_1442 240.293625 42.23997 1800 A  1881 999 999 
z4qso_1443 240.195892 43.12989 1800 A  1881 999 999 
z4qso_1444 243.600662 42.38907 1800 A  1881 999 999 
z4qso_1445 243.341751 42.10511 1800 A  1881 999 999 
z4qso_1446 243.315445 42.30559 1800 A  1881 999 999 
z4qso_1447 243.458023 43.00684 1800 A  1881 999 999 
z4qso_1448 243.222473 42.86679 1800 A  1881 999 999 
z4qso_1449 242.480179 42.22025 1800 A  1881 999 999 
z4qso_1450 242.257767 42.74818 1800 A  1881 999 999 
z4qso_1451 245.481537 42.54556 1800 A  1881 999 999 
z4qso_1452 245.296906 42.49062 1800 A  1881 999 999 
z4qso_1453 245.382248 42.88668 1800 A  1881 999 999 
z4qso_1454 244.787079 41.94044 1800 A  1881 999 999 
z4qso_1455 244.775391 41.97608 1800 A  1881 999 999 
z4qso_1456 244.773636 42.09468 1800 A  1881 999 999 
z4qso_1457 244.603210 42.05702 1800 A  1881 999 999 
z4qso_1458 244.661530 42.10857 1800 A  1881 999 999 
z4qso_1459 244.414017 42.39914 1800 A  1881 999 999 
z4qso_1460 243.740280 42.20699 1800 A  1881 999 999 
z4qso_1461 248.896896 42.73472 1800 A  1881 999 999 
z4qso_1462 248.767090 42.81471 1800 A  1881 999 999 
z4qso_1463 248.911514 42.93913 1800 A  1881 999 999 
z4qso_1464 248.670883 42.92020 1800 A  1881 999 999 
z4qso_1465 248.343063 42.83819 1800 A  1881 999 999 
z4qso_1466 247.949432 43.11122 1800 A  1881 999 999 
z4qso_1467 236.717361 43.27761 1800 A  1881 999 999 
z4qso_1468 238.453079 43.67735 1800 A  1881 999 999 
z4qso_1469 237.922501 43.98690 1800 A  1881 999 999 
z4qso_1470 237.959869 44.49837 1800 A  1881 999 999 
z4qso_1471 237.536484 44.27943 1800 A  1881 999 999 
z4qso_1472 237.192612 44.46313 1800 A  1881 999 999 
z4qso_1473 240.970276 43.56695 1800 A  1881 999 999 
z4qso_1474 240.997391 44.17593 1800 A  1881 999 999 
z4qso_1475 240.452194 43.22069 1800 A  1881 999 999 
z4qso_1476 240.522430 43.24140 1800 A  1881 999 999 
z4qso_1477 240.362793 43.21831 1800 A  1881 999 999 
z4qso_1478 239.945007 43.57621 1800 A  1881 999 999 
z4qso_1479 240.115356 44.44189 1800 A  1881 999 999 
z4qso_1480 239.669327 44.52423 1800 A  1881 999 999 
z4qso_1481 239.666245 44.55790 1800 A  1881 999 999 
z4qso_1482 239.427048 43.20979 1800 A  1881 999 999 
z4qso_1483 242.649338 43.66196 1800 A  1881 999 999 
z4qso_1484 241.995819 43.51950 1800 A  1881 999 999 
z4qso_1485 241.614594 43.27639 1800 A  1881 999 999 
z4qso_1486 241.470718 44.03392 1800 A  1881 999 999 
z4qso_1487 241.495361 44.37226 1800 A  1881 999 999 
z4qso_1488 241.392334 44.61604 1800 A  1881 999 999 
z4qso_1489 244.586456 43.67672 1800 A  1881 999 999 
z4qso_1490 244.620087 44.45260 1800 A  1881 999 999 
z4qso_1491 244.015839 43.51715 1800 A  1881 999 999 
z4qso_1492 247.057602 44.31761 1800 A  1881 999 999 
z4qso_1493 246.839905 44.47039 1800 A  1881 999 999 
z4qso_1494 246.900421 44.55551 1800 A  1881 999 999 
z4qso_1495 246.151108 43.15459 1800 A  1881 999 999 
z4qso_1496 245.944626 44.23484 1800 A  1881 999 999 
z4qso_1497 245.649521 44.39851 1800 A  1881 999 999 
z4qso_1498 245.346466 43.16729 1800 A  1881 999 999 
z4qso_1499 245.090714 43.32083 1800 A  1881 999 999 
z4qso_1500 248.594330 43.51901 1800 A  1881 999 999 
z4qso_1501 247.825989 44.23482 1800 A  1881 999 999 
z4qso_1502 247.814728 44.46180 1800 A  1881 999 999 
z4qso_1503 247.893295 44.53645 1800 A  1881 999 999 
z4qso_1504 247.978058 44.62099 1800 A  1881 999 999 
z4qso_1505 247.482849 44.40092 1800 A  1881 999 999 
z4qso_1506 247.398697 43.36564 1800 A  1881 999 999 
z4qso_1507 244.274002 44.62841 1800 A  1881 999 999 
z4qso_1508 247.213058 44.75483 1800 A  1881 999 999 
z4qso_1509 247.134140 44.83436 1800 A  1881 999 999 
z4qso_1510 214.777451 51.80089 1800 A  1881 999 999 
z4qso_1511 214.238403 51.78138 1800 A  1881 999 999 
z4qso_1512 214.293808 51.75782 1800 A  1881 999 999 
z4qso_1513 213.344193 52.50112 1800 A  1881 999 999 
z4qso_1514 214.632812 52.83297 1800 A  1881 999 999 
z4qso_1515 214.585876 52.94797 1800 A  1881 999 999 
z4qso_1516 28.728582 -5.95610 1800 A  1881 999 999 
z4qso_1517 30.236759 -6.58063 1800 A  1881 999 999 
z4qso_1518 29.246660 -6.12289 1800 A  1881 999 999 
z4qso_1519 33.307442 -6.48305 1800 A  1881 999 999 
z4qso_1520 34.537251 -6.07029 1800 A  1881 999 999 
z4qso_1521 36.357273 -6.79162 1800 A  1881 999 999 
z4qso_1522 35.542526 -6.25743 1800 A  1881 999 999 
z4qso_1523 38.935593 -6.90912 1800 A  1881 999 999 
z4qso_1524 39.908348 -6.01047 1800 A  1881 999 999 
z4qso_1525 29.041740 -5.69442 1800 A  1881 999 999 
z4qso_1526 35.999283 -5.41862 1800 A  1881 999 999 
z4qso_1527 35.486698 -4.96716 1800 A  1881 999 999 
z4qso_1528 28.892241 -3.84888 1800 A  1881 999 999 
z4qso_1529 28.745975 -3.77115 1800 A  1881 999 999 
z4qso_1530 30.059372 -3.95273 1800 A  1881 999 999 
z4qso_1531 29.419304 -3.65925 1800 A  1881 999 999 
z4qso_1532 29.207333 -3.58227 1800 A  1881 999 999 
z4qso_1533 39.604763 -4.20050 1800 A  1881 999 999 
z4qso_1534 33.336769 -1.77581 1800 A  1881 999 999 
z4qso_1535 33.884373 -1.82667 1800 A  1881 999 999 
z4qso_1536 35.896610 -2.30512 1800 A  1881 999 999 
z4qso_1537 37.181614 -2.11216 1800 A  1881 999 999 
z4qso_1538 39.038921 -2.88104 1800 A  1881 999 999 
z4qso_1539 38.801155 -2.61825 1800 A  1881 999 999 
z4qso_1540 140.551773 -1.82225 1800 A  1881 999 999 
z4qso_1541 177.141800 -2.02363 1800 A  1881 999 999 
z4qso_1542 176.779831 -1.54638 1800 A  1881 999 999 
z4qso_1543 178.117279 -2.36669 1800 A  1881 999 999 
z4qso_1544 178.088196 -1.99928 1800 A  1881 999 999 
z4qso_1545 180.528915 -2.14193 1800 A  1881 999 999 
z4qso_1546 181.918762 -2.30368 1800 A  1881 999 999 
z4qso_1547 181.165512 -2.18240 1800 A  1881 999 999 
z4qso_1548 182.875458 -1.51939 1800 A  1881 999 999 
z4qso_1549 211.790619 -2.00387 1800 A  1881 999 999 
z4qso_1550 210.514893 -1.98377 1800 A  1881 999 999 
z4qso_1551 213.039734 -1.87565 1800 A  1881 999 999 
z4qso_1552 216.261963 -2.09828 1800 A  1881 999 999 
z4qso_1553 218.781021 -1.88355 1800 A  1881 999 999 
z4qso_1554 218.310135 -1.93425 1800 A  1881 999 999 
z4qso_1555 219.760040 -1.91904 1800 A  1881 999 999 
z4qso_1556 222.193832 -2.42582 1800 A  1881 999 999 
z4qso_1557 222.103394 -2.22698 1800 A  1881 999 999 
z4qso_1558 223.584061 -2.19783 1800 A  1881 999 999 
z4qso_1559 223.092667 -1.98605 1800 A  1881 999 999 
z4qso_1560 225.180405 -1.78967 1800 A  1881 999 999 
z4qso_1561 225.234299 -1.67169 1800 A  1881 999 999 
z4qso_1562 224.909836 -2.18017 1800 A  1881 999 999 
z4qso_1563 225.065262 -1.66473 1800 A  1881 999 999 
z4qso_1564 224.896072 -2.21858 1800 A  1881 999 999 
z4qso_1565 140.936752 -0.75991 1800 A  1881 999 999 
z4qso_1566 176.389847 -0.86294 1800 A  1881 999 999 
z4qso_1567 182.235580 -1.48453 1800 A  1881 999 999 
z4qso_1568 210.137772 -0.98288 1800 A  1881 999 999 
z4qso_1569 212.974792 -0.74398 1800 A  1881 999 999 
z4qso_1570 216.436081 -0.66675 1800 A  1881 999 999 
z4qso_1571 220.186722 -1.34433 1800 A  1881 999 999 
z4qso_1572 224.289948 -1.13292 1800 A  1881 999 999 
z4qso_1573 225.577118 -1.36171 1800 A  1881 999 999 
z4qso_1574 224.642242 -1.43680 1800 A  1881 999 999 
z4qso_1575 330.709595 -1.14357 1800 A  1881 999 999 
z4qso_1576 329.879211 -0.71345 1800 A  1881 999 999 
z4qso_1577 333.903717 -1.39555 1800 A  1881 999 999 
z4qso_1578 333.919312 -0.86414 1800 A  1881 999 999 
z4qso_1579 333.974182 -0.82453 1800 A  1881 999 999 
z4qso_1580 333.792694 -0.59630 1800 A  1881 999 999 
z4qso_1581 333.153839 -1.05018 1800 A  1881 999 999 
z4qso_1582 335.472229 -0.31125 1800 A  1881 999 999 
z4qso_1583 334.713501 -1.45261 1800 A  1881 999 999 
z4qso_1584 334.259552 -0.90934 1800 A  1881 999 999 
z4qso_1585 336.592712 -0.74256 1800 A  1881 999 999 
z4qso_1586 335.932007 -1.12746 1800 A  1881 999 999 
z4qso_1587 335.645905 -1.39127 1800 A  1881 999 999 
z4qso_1588 338.310333 -0.73926 1800 A  1881 999 999 
z4qso_1589 337.359131 -1.06438 1800 A  1881 999 999 
z4qso_1590 341.018494 -1.07851 1800 A  1881 999 999 
z4qso_1591 340.072998 -0.90338 1800 A  1881 999 999 
z4qso_1592 343.613953 -0.10958 1800 A  1881 999 999 
z4qso_1593 343.140167 -0.00573 1800 A  1881 999 999 
z4qso_1594 129.065659 0.08616 1800 A  1881 999 999 
z4qso_1595 128.309982 0.83424 1800 A  1881 999 999 
z4qso_1596 141.364548 0.85686 1800 A  1881 999 999 
z4qso_1597 140.981796 0.24394 1800 A  1881 999 999 
z4qso_1598 140.616089 0.76830 1800 A  1881 999 999 
z4qso_1599 140.638474 1.12433 1800 A  1881 999 999 
z4qso_1600 176.771408 0.07638 1800 A  1881 999 999 
z4qso_1601 211.284515 0.77574 1800 A  1881 999 999 
z4qso_1602 211.348358 1.17386 1800 A  1881 999 999 
z4qso_1603 212.748779 1.26849 1800 A  1881 999 999 
z4qso_1604 217.889862 0.09861 1800 A  1881 999 999 
z4qso_1605 221.576035 0.83442 1800 A  1881 999 999 
z4qso_1606 223.151215 0.96971 1800 A  1881 999 999 
z4qso_1607 225.310623 0.65448 1800 A  1881 999 999 
z4qso_1608 225.377853 1.17397 1800 A  1881 999 999 
z4qso_1609 224.707443 0.16878 1800 A  1881 999 999 
z4qso_1610 330.624359 1.18646 1800 A  1881 999 999 
z4qso_1611 333.759674 0.40568 1800 A  1881 999 999 
z4qso_1612 334.401245 0.75001 1800 A  1881 999 999 
z4qso_1613 338.006317 1.14507 1800 A  1881 999 999 
z4qso_1614 339.252594 1.13264 1800 A  1881 999 999 
z4qso_1615 341.385773 0.29250 1800 A  1881 999 999 
z4qso_1616 340.971436 0.60547 1800 A  1881 999 999 
z4qso_1617 341.900787 1.03299 1800 A  1881 999 999 
z4qso_1618 129.922409 1.75184 1800 A  1881 999 999 
z4qso_1619 129.042923 2.65443 1800 A  1881 999 999 
z4qso_1620 133.700531 2.67830 1800 A  1881 999 999 
z4qso_1621 135.534576 2.58713 1800 A  1881 999 999 
z4qso_1622 140.231384 1.63328 1800 A  1881 999 999 
z4qso_1623 139.223557 1.84478 1800 A  1881 999 999 
z4qso_1624 141.210419 1.76875 1800 A  1881 999 999 
z4qso_1625 141.226730 2.17699 1800 A  1881 999 999 
z4qso_1626 180.424652 1.54036 1800 A  1881 999 999 
z4qso_1627 180.986588 1.98293 1800 A  1881 999 999 
z4qso_1628 182.565765 1.71701 1800 A  1881 999 999 
z4qso_1629 214.159515 1.76425 1800 A  1881 999 999 
z4qso_1630 216.385925 1.57150 1800 A  1881 999 999 
z4qso_1631 217.057159 1.96311 1800 A  1881 999 999 
z4qso_1632 219.992798 1.96069 1800 A  1881 999 999 
z4qso_1633 331.273804 2.71482 1800 A  1881 999 999 
z4qso_1634 333.846558 2.39188 1800 A  1881 999 999 
z4qso_1635 334.595581 1.70326 1800 A  1881 999 999 
z4qso_1636 334.091217 1.58702 1800 A  1881 999 999 
z4qso_1637 336.861176 2.95845 1800 A  1881 999 999 
z4qso_1638 336.283295 2.69276 1800 A  1881 999 999 
z4qso_1639 338.266876 2.50631 1800 A  1881 999 999 
z4qso_1640 337.903412 1.86571 1800 A  1881 999 999 
z4qso_1641 337.722931 2.90066 1800 A  1881 999 999 
z4qso_1642 337.470062 2.17433 1800 A  1881 999 999 
z4qso_1643 338.679291 2.06859 1800 A  1881 999 999 
z4qso_1644 342.361572 2.39172 1800 A  1881 999 999 
z4qso_1645 341.658813 1.61794 1800 A  1881 999 999 
z4qso_1646 139.166245 3.01711 1800 A  1881 999 999 
z4qso_1647 337.317413 2.99139 1800 A  1881 999 999 
z4qso_1648 138.728851 5.16876 1800 A  1881 999 999 
z4qso_1649 138.414139 5.56210 1800 A  1881 999 999 
z4qso_1650 138.183777 5.27251 1800 A  1881 999 999 
z4qso_1651 139.884399 5.00006 1800 A  1881 999 999 
z4qso_1652 141.434067 5.38217 1800 A  1881 999 999 
z4qso_1653 140.935974 4.52699 1800 A  1881 999 999 
z4qso_1654 239.089935 41.85627 1800 A  1881 999 999 
z4qso_1655 239.476593 44.59911 1800 A  1881 999 999 
z4qso_1656 213.124695 52.25339 1800 A  1881 999 999 
z4qso_1657 31.742486 -6.09163 1800 A  1881 999 999 
z4qso_1658 34.339724 -5.97911 1800 A  1881 999 999 
z4qso_1659 30.034959 -5.17424 1800 A  1881 999 999 
z4qso_1660 31.773304 -5.41243 1800 A  1881 999 999 
z4qso_1661 30.821493 -5.81681 1800 A  1881 999 999 
z4qso_1662 30.806193 -5.36055 1800 A  1881 999 999 
z4qso_1663 30.577166 -5.00115 1800 A  1881 999 999 
z4qso_1664 33.198657 -5.00079 1800 A  1881 999 999 
z4qso_1665 32.927932 -5.31384 1800 A  1881 999 999 
z4qso_1666 32.702088 -5.23373 1800 A  1881 999 999 
z4qso_1667 32.500076 -5.31414 1800 A  1881 999 999 
z4qso_1668 32.553924 -4.77776 1800 A  1881 999 999 
z4qso_1669 32.183317 -5.53913 1800 A  1881 999 999 
z4qso_1670 32.062746 -4.51162 1800 A  1881 999 999 
z4qso_1671 34.923288 -5.56750 1800 A  1881 999 999 
z4qso_1672 34.502076 -4.78849 1800 A  1881 999 999 
z4qso_1673 33.847018 -5.49607 1800 A  1881 999 999 
z4qso_1674 33.780411 -5.31366 1800 A  1881 999 999 
z4qso_1675 33.800157 -4.52340 1800 A  1881 999 999 
z4qso_1676 35.816169 -5.45831 1800 A  1881 999 999 
z4qso_1677 37.708057 -4.79068 1800 A  1881 999 999 
z4qso_1678 37.261188 -4.94022 1800 A  1881 999 999 
z4qso_1679 38.812017 -5.95040 1800 A  1881 999 999 
z4qso_1680 30.050174 -3.68831 1800 A  1881 999 999 
z4qso_1681 29.846837 -3.79024 1800 A  1881 999 999 
z4qso_1682 31.423333 -3.89744 1800 A  1881 999 999 
z4qso_1683 31.147885 -3.17435 1800 A  1881 999 999 
z4qso_1684 32.727851 -3.71531 1800 A  1881 999 999 
z4qso_1685 32.515475 -4.11277 1800 A  1881 999 999 
z4qso_1686 34.740502 -3.73158 1800 A  1881 999 999 
z4qso_1687 35.302548 -3.71448 1800 A  1881 999 999 
z4qso_1688 35.301308 -3.70877 1800 A  1881 999 999 
z4qso_1689 36.898772 -3.48237 1800 A  1881 999 999 
z4qso_1690 38.724270 -3.07708 1800 A  1881 999 999 
z4qso_1691 33.139981 -2.76604 1800 A  1881 999 999 
z4qso_1692 32.613119 -2.80064 1800 A  1881 999 999 
z4qso_1693 37.323652 -2.91176 1800 A  1881 999 999 
z4qso_1694 37.116899 -2.72794 1800 A  1881 999 999 
z4qso_1695 36.612656 -2.75380 1800 A  1881 999 999 
z4qso_1696 38.594163 -2.48739 1800 A  1881 999 999 
z4qso_1697 215.317485 -1.50602 1800 A  1881 999 999 
z4qso_1698 130.780311 -0.00068 1800 A  1881 999 999 
z4qso_1699 129.714685 -0.17648 1800 A  1881 999 999 
z4qso_1700 132.543280 -0.07211 1800 A  1881 999 999 
z4qso_1701 134.930194 -0.60361 1800 A  1881 999 999 
z4qso_1702 136.904421 -1.40949 1800 A  1881 999 999 
z4qso_1703 136.185580 -0.77255 1800 A  1881 999 999 
z4qso_1704 135.700948 -0.68428 1800 A  1881 999 999 
z4qso_1705 138.108350 -0.47050 1800 A  1881 999 999 
z4qso_1706 139.683135 -1.09562 1800 A  1881 999 999 
z4qso_1707 140.670074 -0.57804 1800 A  1881 999 999 
z4qso_1708 140.280143 -0.26954 1800 A  1881 999 999 
z4qso_1709 176.841266 -1.16007 1800 A  1881 999 999 
z4qso_1710 176.620996 -0.53275 1800 A  1881 999 999 
z4qso_1711 177.197669 -0.93470 1800 A  1881 999 999 
z4qso_1712 179.852496 -0.83015 1800 A  1881 999 999 
z4qso_1713 179.105872 -1.30002 1800 A  1881 999 999 
z4qso_1714 178.977891 -0.47089 1800 A  1881 999 999 
z4qso_1715 181.173917 -0.36374 1800 A  1881 999 999 
z4qso_1716 180.873038 -0.12935 1800 A  1881 999 999 
z4qso_1717 180.799539 -0.94680 1800 A  1881 999 999 
z4qso_1718 181.605576 -1.31850 1800 A  1881 999 999 
z4qso_1719 211.083274 -1.12532 1800 A  1881 999 999 
z4qso_1720 210.840370 -0.56313 1800 A  1881 999 999 
z4qso_1721 210.678228 -0.72662 1800 A  1881 999 999 
z4qso_1722 210.627471 -1.28872 1800 A  1881 999 999 
z4qso_1723 210.581669 -0.70074 1800 A  1881 999 999 
z4qso_1724 212.357254 -0.71202 1800 A  1881 999 999 
z4qso_1725 212.310031 -1.19181 1800 A  1881 999 999 
z4qso_1726 211.991900 -1.24585 1800 A  1881 999 999 
z4qso_1727 211.574621 -0.17214 1800 A  1881 999 999 
z4qso_1728 211.467606 -0.09673 1800 A  1881 999 999 
z4qso_1729 215.258015 -0.88737 1800 A  1881 999 999 
z4qso_1730 214.932021 -1.35405 1800 A  1881 999 999 
z4qso_1731 214.951728 -0.71460 1800 A  1881 999 999 
z4qso_1732 214.898586 -1.46895 1800 A  1881 999 999 
z4qso_1733 214.885342 -1.38916 1800 A  1881 999 999 
z4qso_1734 214.557267 -1.35865 1800 A  1881 999 999 
z4qso_1735 214.376804 -1.29134 1800 A  1881 999 999 
z4qso_1736 214.481016 -1.08944 1800 A  1881 999 999 
z4qso_1737 216.938883 -0.27314 1800 A  1881 999 999 
z4qso_1738 216.635520 -1.22849 1800 A  1881 999 999 
z4qso_1739 216.446352 -1.13290 1800 A  1881 999 999 
z4qso_1740 216.250217 -1.04206 1800 A  1881 999 999 
z4qso_1741 216.157980 -0.25083 1800 A  1881 999 999 
z4qso_1742 218.457673 -1.04677 1800 A  1881 999 999 
z4qso_1743 218.510583 -0.11213 1800 A  1881 999 999 
z4qso_1744 218.346648 -1.42191 1800 A  1881 999 999 
z4qso_1745 217.464129 -1.02718 1800 A  1881 999 999 
z4qso_1746 217.427587 -0.05588 1800 A  1881 999 999 
z4qso_1747 217.239143 -0.70632 1800 A  1881 999 999 
z4qso_1748 217.283151 -0.13883 1800 A  1881 999 999 
z4qso_1749 217.068625 -1.35452 1800 A  1881 999 999 
z4qso_1750 219.854613 -0.47255 1800 A  1881 999 999 
z4qso_1751 219.651316 -0.78837 1800 A  1881 999 999 
z4qso_1752 219.053354 -0.09280 1800 A  1881 999 999 
z4qso_1753 218.636071 -0.65153 1800 A  1881 999 999 
z4qso_1754 221.432387 -0.86746 1800 A  1881 999 999 
z4qso_1755 220.205854 -0.31797 1800 A  1881 999 999 
z4qso_1756 220.092207 -0.28730 1800 A  1881 999 999 
z4qso_1757 220.023700 -0.26832 1800 A  1881 999 999 
z4qso_1758 222.715062 -1.40201 1800 A  1881 999 999 
z4qso_1759 222.828321 -1.07949 1800 A  1881 999 999 
z4qso_1760 222.527237 -0.28597 1800 A  1881 999 999 
z4qso_1761 224.366342 -0.77688 1800 A  1881 999 999 
z4qso_1762 224.079189 -0.01229 1800 A  1881 999 999 
z4qso_1763 223.714248 -0.76009 1800 A  1881 999 999 
z4qso_1764 223.499095 -0.26409 1800 A  1881 999 999 
z4qso_1765 223.114559 -0.63029 1800 A  1881 999 999 
z4qso_1766 225.252205 -0.83189 1800 A  1881 999 999 
z4qso_1767 224.636877 -1.06808 1800 A  1881 999 999 
z4qso_1768 224.635651 -0.10197 1800 A  1881 999 999 
z4qso_1769 129.590648 0.20796 1800 A  1881 999 999 
z4qso_1770 129.480349 0.37983 1800 A  1881 999 999 
z4qso_1771 129.176072 0.35123 1800 A  1881 999 999 
z4qso_1772 128.575203 0.78794 1800 A  1881 999 999 
z4qso_1773 130.324097 0.24018 1800 A  1881 999 999 
z4qso_1774 129.886600 0.90211 1800 A  1881 999 999 
z4qso_1775 132.194528 0.06909 1800 A  1881 999 999 
z4qso_1776 131.675608 0.61517 1800 A  1881 999 999 
z4qso_1777 133.711881 0.97954 1800 A  1881 999 999 
z4qso_1778 133.354841 1.43912 1800 A  1881 999 999 
z4qso_1779 132.750758 0.32228 1800 A  1881 999 999 
z4qso_1780 136.959431 0.80571 1800 A  1881 999 999 
z4qso_1781 135.799327 0.64424 1800 A  1881 999 999 
z4qso_1782 137.103878 0.22625 1800 A  1881 999 999 
z4qso_1783 139.988626 1.00049 1800 A  1881 999 999 
z4qso_1784 139.991719 1.06336 1800 A  1881 999 999 
z4qso_1785 139.311853 0.78235 1800 A  1881 999 999 
z4qso_1786 138.700146 1.03555 1800 A  1881 999 999 
z4qso_1787 140.139210 0.97936 1800 A  1881 999 999 
z4qso_1788 140.053213 0.43977 1800 A  1881 999 999 
z4qso_1789 176.097314 0.18830 1800 A  1881 999 999 
z4qso_1790 177.226464 0.77513 1800 A  1881 999 999 
z4qso_1791 179.935121 0.04271 1800 A  1881 999 999 
z4qso_1792 179.993015 0.94556 1800 A  1881 999 999 
z4qso_1793 180.952902 0.16538 1800 A  1881 999 999 
z4qso_1794 180.931113 0.25762 1800 A  1881 999 999 
z4qso_1795 180.920607 0.76629 1800 A  1881 999 999 
z4qso_1796 210.728996 0.14399 1800 A  1881 999 999 
z4qso_1797 212.174886 1.03528 1800 A  1881 999 999 
z4qso_1798 211.957216 0.89253 1800 A  1881 999 999 
z4qso_1799 211.635680 0.01402 1800 A  1881 999 999 
z4qso_1800 213.184126 0.08840 1800 A  1881 999 999 
z4qso_1801 212.643246 0.40489 1800 A  1881 999 999 
z4qso_1802 214.129855 0.28526 1800 A  1881 999 999 
z4qso_1803 216.723173 0.02434 1800 A  1881 999 999 
z4qso_1804 218.209104 0.29906 1800 A  1881 999 999 
z4qso_1805 218.191474 1.11483 1800 A  1881 999 999 
z4qso_1806 217.510128 0.58110 1800 A  1881 999 999 
z4qso_1807 219.324927 0.07972 1800 A  1881 999 999 
z4qso_1808 218.839092 0.08510 1800 A  1881 999 999 
z4qso_1809 218.921010 1.06547 1800 A  1881 999 999 
z4qso_1810 218.631562 0.77294 1800 A  1881 999 999 
z4qso_1811 221.055292 0.81028 1800 A  1881 999 999 
z4qso_1812 220.545099 0.68240 1800 A  1881 999 999 
z4qso_1813 222.439450 0.43335 1800 A  1881 999 999 
z4qso_1814 221.982662 0.93606 1800 A  1881 999 999 
z4qso_1815 223.625940 0.33769 1800 A  1881 999 999 
z4qso_1816 223.391704 0.04421 1800 A  1881 999 999 
z4qso_1817 129.177831 1.74504 1800 A  1881 999 999 
z4qso_1818 129.120265 1.75233 1800 A  1881 999 999 
z4qso_1819 131.205424 1.82890 1800 A  1881 999 999 
z4qso_1820 135.893442 1.53929 1800 A  1881 999 999 
z4qso_1821 138.863658 1.75836 1800 A  1881 999 999 
z4qso_1822 139.941634 1.50620 1800 A  1881 999 999 
z4qso_1823 139.198476 1.68313 1800 A  1881 999 999 
z4qso_1824 236.845689 42.68020 1800 A  1881 999 999 
z4qso_1825 240.934059 42.68508 1800 A  1881 999 999 
z4qso_1826 245.345985 43.09517 1800 A  1881 999 999 
z4qso_1827 243.730225 42.72105 1800 A  1881 999 999 
z4qso_1828 240.941962 43.24277 1800 A  1881 999 999 
z4qso_1829 240.793821 44.10111 1800 A  1881 999 999 
z4qso_1830 239.473906 43.23678 1800 A  1881 999 999 
z4qso_1831 239.520143 43.26037 1800 A  1881 999 999 
z4qso_1832 239.061627 44.05759 1800 A  1881 999 999 
z4qso_1833 242.229063 43.42400 1800 A  1881 999 999 
z4qso_1834 241.101059 43.62749 1800 A  1881 999 999 
z4qso_1835 241.029895 43.73041 1800 A  1881 999 999 
z4qso_1836 243.182253 44.06163 1800 A  1881 999 999 
z4qso_1837 246.986641 43.18371 1800 A  1881 999 999 
z4qso_1838 246.894146 43.62664 1800 A  1881 999 999 
z4qso_1839 246.514709 43.31059 1800 A  1881 999 999 
z4qso_1840 246.003790 43.80062 1800 A  1881 999 999 
z4qso_1841 33.896538 -5.95625 1800 A  1881 999 999 
z4qso_1842 30.280514 -4.96556 1800 A  1881 999 999 
z4qso_1843 37.018023 -5.32876 1800 A  1881 999 999 
z4qso_1844 36.694809 -4.83569 1800 A  1881 999 999 
z4qso_1845 29.965943 -3.89321 1800 A  1881 999 999 
z4qso_1846 34.078441 -3.93780 1800 A  1881 999 999 
z4qso_1847 37.355463 -4.27579 1800 A  1881 999 999 
z4qso_1848 129.829672 -0.28701 1800 A  1881 999 999 
z4qso_1849 135.164109 -1.08649 1800 A  1881 999 999 
z4qso_1850 134.639277 -0.58131 1800 A  1881 999 999 
z4qso_1851 137.857511 -1.30330 1800 A  1881 999 999 
z4qso_1852 139.952649 -0.11624 1800 A  1881 999 999 
z4qso_1853 140.773044 -0.56857 1800 A  1881 999 999 
z4qso_1854 177.699212 -1.28641 1800 A  1881 999 999 
z4qso_1855 180.075743 -1.07113 1800 A  1881 999 999 
z4qso_1856 211.013768 -1.14309 1800 A  1881 999 999 
z4qso_1857 215.003537 -1.04868 1800 A  1881 999 999 
z4qso_1858 215.084013 -0.68562 1800 A  1881 999 999 
z4qso_1859 215.652130 -0.12656 1800 A  1881 999 999 
z4qso_1860 220.331488 -0.84472 1800 A  1881 999 999 
z4qso_1861 222.858409 -1.02248 1800 A  1881 999 999 
z4qso_1862 221.874539 -1.26817 1800 A  1881 999 999 
z4qso_1863 224.565588 -1.02094 1800 A  1881 999 999 
z4qso_1864 212.149121 0.11215 1800 A  1881 999 999 
z4qso_1865 211.134442 0.52716 1800 A  1881 999 999 
z4qso_1866 211.131360 0.97094 1800 A  1881 999 999 
z4qso_1867 219.094061 0.11418 1800 A  1881 999 999 
z4qso_1868 220.784663 0.49659 1800 A  1881 999 999 
z4qso_1869 221.708084 0.67865 1800 A  1881 999 999 
z4qso_1870 223.965103 0.41255 1800 A  1881 999 999 
z4qso_1871 223.763619 0.62009 1800 A  1881 999 999 
z4qso_1872 223.580072 0.31661 1800 A  1881 999 999 
z4qso_1873 224.715752 0.15540 1800 A  1881 999 999 
z4qso_1874 224.665163 0.45900 1800 A  1881 999 999 
z4qso_1875 130.164620 1.79995 1800 A  1881 999 999 
z4qso_1876 135.405130 1.82514 1800 A  1881 999 999 
z4qso_1877 238.932255 43.94894 1800 A  1881 999 999 
z4qso_1878 239.060255 43.66092 1800 A  1881 999 999 
z4qso_1879 242.443678 44.00094 1800 A  1881 999 999 
z4qso_1880 245.538342 44.04880 1800 A  1881 999 999 
