z4qso__0   28.574502 -6.20802 1800 B  1657 999 999 
z4qso__1   30.204939 -5.97532 1800 B  1657 999 999 
z4qso__2   29.441930 -7.55174 1800 B  1657 999 999 
z4qso__3   29.194150 -5.79966 1800 B  1657 999 999 
z4qso__4   30.552945 -5.33947 1800 B  1657 999 999 
z4qso__5   31.651361 -5.89228 1800 B  1657 999 999 
z4qso__6   31.363507 -7.27767 1800 B  1657 999 999 
z4qso__7   31.925364 -6.56153 1800 B  1657 999 999 
z4qso__8   31.504413 -7.47437 1800 B  1657 999 999 
z4qso__9   33.827673 -7.10007 1800 B  1657 999 999 
z4qso__10  34.346695 -6.06353 1800 B  1657 999 999 
z4qso__11  33.684638 -5.84637 1800 B  1657 999 999 
z4qso__12  33.338752 -5.89375 1800 B  1657 999 999 
z4qso__13  36.279228 -7.41825 1800 B  1657 999 999 
z4qso__14  36.622926 -5.50577 1800 B  1657 999 999 
z4qso__15  34.798898 -4.96519 1800 B  1657 999 999 
z4qso__16  39.422585 -6.06129 1800 B  1657 999 999 
z4qso__17  38.635598 -5.89058 1800 B  1657 999 999 
z4qso__18  39.172957 -5.76808 1800 B  1657 999 999 
z4qso__19  39.791933 -5.78405 1800 B  1657 999 999 
z4qso__20  38.100224 -6.23729 1800 B  1657 999 999 
z4qso__21  38.253770 -7.18761 1800 B  1657 999 999 
z4qso__22  30.989043 -5.50415 1800 B  1657 999 999 
z4qso__23  30.425307 -6.23917 1800 B  1657 999 999 
z4qso__24  29.398938 -4.49344 1800 B  1657 999 999 
z4qso__25  29.102029 -6.16992 1800 B  1657 999 999 
z4qso__26  31.116793 -4.50801 1800 B  1657 999 999 
z4qso__27  30.200216 -4.73285 1800 B  1657 999 999 
z4qso__28  32.924137 -6.49678 1800 B  1657 999 999 
z4qso__29  32.757206 -5.21942 1800 B  1657 999 999 
z4qso__30  32.456697 -4.70272 1800 B  1657 999 999 
z4qso__31  32.736170 -6.46045 1800 B  1657 999 999 
z4qso__32  34.963946 -4.35129 1800 B  1657 999 999 
z4qso__33  33.169083 -5.53567 1800 B  1657 999 999 
z4qso__34  35.919283 -5.29905 1800 B  1657 999 999 
z4qso__35  38.339926 -5.26640 1800 B  1657 999 999 
z4qso__36  35.843191 -4.71117 1800 B  1657 999 999 
z4qso__37  38.357760 -6.27722 1800 B  1657 999 999 
z4qso__38  38.052299 -4.60339 1800 B  1657 999 999 
z4qso__39  39.792179 -4.97549 1800 B  1657 999 999 
z4qso__40  38.581650 -4.60035 1800 B  1657 999 999 
z4qso__41  38.836114 -5.66790 1800 B  1657 999 999 
z4qso__42  38.629974 -6.66612 1800 B  1657 999 999 
z4qso__43  28.751058 -3.53934 1800 B  1657 999 999 
z4qso__44  28.589545 -3.13095 1800 B  1657 999 999 
z4qso__45  34.096747 -4.33848 1800 B  1657 999 999 
z4qso__46  32.785805 -3.83660 1800 B  1657 999 999 
z4qso__47  32.893645 -2.86377 1800 B  1657 999 999 
z4qso__48  31.129373 -2.20496 1800 B  1657 999 999 
z4qso__49  37.279005 -5.05166 1800 B  1657 999 999 
z4qso__50  35.770932 -3.58134 1800 B  1657 999 999 
z4qso__51  39.141119 -3.29415 1800 B  1657 999 999 
z4qso__52  39.067549 -4.41912 1800 B  1657 999 999 
z4qso__53  38.707614 -3.85146 1800 B  1657 999 999 
z4qso__54  39.855403 -3.39450 1800 B  1657 999 999 
z4qso__55  29.971558 -0.84123 1800 B  1657 999 999 
z4qso__56  30.782712 -3.10780 1800 B  1657 999 999 
z4qso__57  29.705641 -1.97500 1800 B  1657 999 999 
z4qso__58  29.175940 -2.19067 1800 B  1657 999 999 
z4qso__59  30.398217 -1.98027 1800 B  1657 999 999 
z4qso__60  31.221067 -2.68688 1800 B  1657 999 999 
z4qso__61  32.711649 -2.39223 1800 B  1657 999 999 
z4qso__62  32.976557 -2.69694 1800 B  1657 999 999 
z4qso__63  31.365150 -2.46860 1800 B  1657 999 999 
z4qso__64  31.720418 -2.14792 1800 B  1657 999 999 
z4qso__65  31.770326 -1.97176 1800 B  1657 999 999 
z4qso__66  34.858563 -3.02709 1800 B  1657 999 999 
z4qso__67  33.831599 -1.51715 1800 B  1657 999 999 
z4qso__68  34.588750 -3.25019 1800 B  1657 999 999 
z4qso__69  33.140429 -2.58144 1800 B  1657 999 999 
z4qso__70  35.440518 -2.05199 1800 B  1657 999 999 
z4qso__71  35.673721 -2.64162 1800 B  1657 999 999 
z4qso__72  36.003181 -1.87860 1800 B  1657 999 999 
z4qso__73  37.330877 -2.21461 1800 B  1657 999 999 
z4qso__74  39.846877 -0.87461 1800 B  1657 999 999 
z4qso__75  38.238333 -1.42717 1800 B  1657 999 999 
z4qso__76  135.535757 -2.51311 1800 B  1657 999 999 
z4qso__77  135.046170 -1.75688 1800 B  1657 999 999 
z4qso__78  136.017560 -0.90382 1800 B  1657 999 999 
z4qso__79  138.134684 -2.01784 1800 B  1657 999 999 
z4qso__80  140.119984 -3.18560 1800 B  1657 999 999 
z4qso__81  176.892126 -2.00800 1800 B  1657 999 999 
z4qso__82  177.400673 -1.04228 1800 B  1657 999 999 
z4qso__83  179.383758 -1.67097 1800 B  1657 999 999 
z4qso__84  179.109584 -2.42534 1800 B  1657 999 999 
z4qso__85  179.196662 -1.97938 1800 B  1657 999 999 
z4qso__86  180.878477 -0.82888 1800 B  1657 999 999 
z4qso__87  181.826661 -1.10429 1800 B  1657 999 999 
z4qso__88  183.092145 -2.28563 1800 B  1657 999 999 
z4qso__89  210.198922 -1.80395 1800 B  1657 999 999 
z4qso__90  212.331181 -2.22679 1800 B  1657 999 999 
z4qso__91  211.152610 -2.45593 1800 B  1657 999 999 
z4qso__92  211.986730 -1.37606 1800 B  1657 999 999 
z4qso__93  212.922020 -2.33609 1800 B  1657 999 999 
z4qso__94  214.470578 -2.12833 1800 B  1657 999 999 
z4qso__95  219.859700 -2.33405 1800 B  1657 999 999 
z4qso__96  217.862833 -1.96246 1800 B  1657 999 999 
z4qso__97  218.758638 -1.27782 1800 B  1657 999 999 
z4qso__98  218.656253 -2.48617 1800 B  1657 999 999 
z4qso__99  222.247575 -2.59816 1800 B  1657 999 999 
z4qso__100 224.050034 -2.36115 1800 B  1657 999 999 
z4qso__101 225.089519 -1.29718 1800 B  1657 999 999 
z4qso__102 224.188536 -2.53585 1800 B  1657 999 999 
z4qso__103 224.547403 -2.18624 1800 B  1657 999 999 
z4qso__104 223.598488 -2.44874 1800 B  1657 999 999 
z4qso__105 129.062262 0.06070 1800 B  1657 999 999 
z4qso__106 128.977237 -0.91522 1800 B  1657 999 999 
z4qso__107 131.439523 -0.89817 1800 B  1657 999 999 
z4qso__108 130.179266 -1.05437 1800 B  1657 999 999 
z4qso__109 131.716854 -0.48152 1800 B  1657 999 999 
z4qso__110 134.821888 -1.22673 1800 B  1657 999 999 
z4qso__111 135.233388 0.46018 1800 B  1657 999 999 
z4qso__112 134.323840 -1.47156 1800 B  1657 999 999 
z4qso__113 137.238652 -1.32650 1800 B  1657 999 999 
z4qso__114 136.455887 -0.12757 1800 B  1657 999 999 
z4qso__115 137.136823 -1.93562 1800 B  1657 999 999 
z4qso__116 136.974596 -0.06204 1800 B  1657 999 999 
z4qso__117 136.459995 -0.56432 1800 B  1657 999 999 
z4qso__118 136.986420 -0.09300 1800 B  1657 999 999 
z4qso__119 139.286326 -0.70807 1800 B  1657 999 999 
z4qso__120 140.401329 -0.03418 1800 B  1657 999 999 
z4qso__121 139.674913 -1.54718 1800 B  1657 999 999 
z4qso__122 141.564873 -1.03880 1800 B  1657 999 999 
z4qso__123 176.538460 -0.83745 1800 B  1657 999 999 
z4qso__124 174.872522 -1.08252 1800 B  1657 999 999 
z4qso__125 175.408482 -0.86612 1800 B  1657 999 999 
z4qso__126 177.744289 -1.30022 1800 B  1657 999 999 
z4qso__127 177.470091 -0.78684 1800 B  1657 999 999 
z4qso__128 179.108874 -1.93577 1800 B  1657 999 999 
z4qso__129 178.254522 -0.04651 1800 B  1657 999 999 
z4qso__130 178.250276 -1.13858 1800 B  1657 999 999 
z4qso__131 180.371991 -0.74572 1800 B  1657 999 999 
z4qso__132 181.998804 -1.21785 1800 B  1657 999 999 
z4qso__133 179.680330 -0.84604 1800 B  1657 999 999 
z4qso__134 181.266082 0.49885 1800 B  1657 999 999 
z4qso__135 182.424232 -1.47260 1800 B  1657 999 999 
z4qso__136 183.495484 -0.72054 1800 B  1657 999 999 
z4qso__137 210.813980 -0.78924 1800 B  1657 999 999 
z4qso__138 210.276751 -1.60069 1800 B  1657 999 999 
z4qso__139 209.692408 0.33471 1800 B  1657 999 999 
z4qso__140 209.725123 -0.85485 1800 B  1657 999 999 
z4qso__141 212.572621 -1.57963 1800 B  1657 999 999 
z4qso__142 211.913039 -0.40957 1800 B  1657 999 999 
z4qso__143 212.474278 -0.29330 1800 B  1657 999 999 
z4qso__144 212.202929 -0.35597 1800 B  1657 999 999 
z4qso__145 216.288679 -0.14869 1800 B  1657 999 999 
z4qso__146 215.526386 -0.34791 1800 B  1657 999 999 
z4qso__147 215.864301 -0.32119 1800 B  1657 999 999 
z4qso__148 214.361574 -0.32331 1800 B  1657 999 999 
z4qso__149 213.809549 -0.40838 1800 B  1657 999 999 
z4qso__150 214.930230 -1.32864 1800 B  1657 999 999 
z4qso__151 217.494687 -0.79625 1800 B  1657 999 999 
z4qso__152 216.421376 -0.17548 1800 B  1657 999 999 
z4qso__153 215.609990 -0.45267 1800 B  1657 999 999 
z4qso__154 217.608640 -0.24363 1800 B  1657 999 999 
z4qso__155 218.367030 -1.24318 1800 B  1657 999 999 
z4qso__156 218.108924 -1.61352 1800 B  1657 999 999 
z4qso__157 218.085536 -0.44342 1800 B  1657 999 999 
z4qso__158 221.789226 -0.10678 1800 B  1657 999 999 
z4qso__159 222.272221 -0.82540 1800 B  1657 999 999 
z4qso__160 222.595791 -1.99186 1800 B  1657 999 999 
z4qso__161 222.662451 -0.00862 1800 B  1657 999 999 
z4qso__162 221.351106 -0.89008 1800 B  1657 999 999 
z4qso__163 223.586125 0.26804 1800 B  1657 999 999 
z4qso__164 222.713351 -0.04555 1800 B  1657 999 999 
z4qso__165 224.664812 -2.03244 1800 B  1657 999 999 
z4qso__166 330.654151 -0.99812 1800 B  1657 999 999 
z4qso__167 333.286969 -2.26335 1800 B  1657 999 999 
z4qso__168 334.681706 -0.82159 1800 B  1657 999 999 
z4qso__169 333.599506 -1.30137 1800 B  1657 999 999 
z4qso__170 333.892278 -1.31109 1800 B  1657 999 999 
z4qso__171 334.781419 -0.90284 1800 B  1657 999 999 
z4qso__172 336.160484 0.17868 1800 B  1657 999 999 
z4qso__173 335.727318 -0.84089 1800 B  1657 999 999 
z4qso__174 336.612081 -1.31048 1800 B  1657 999 999 
z4qso__175 337.125179 -1.10840 1800 B  1657 999 999 
z4qso__176 337.730886 -0.13040 1800 B  1657 999 999 
z4qso__177 339.730541 0.43905 1800 B  1657 999 999 
z4qso__178 341.346187 -0.03036 1800 B  1657 999 999 
z4qso__179 128.633013 0.07413 1800 B  1657 999 999 
z4qso__180 129.679401 -0.03923 1800 B  1657 999 999 
z4qso__181 127.784561 1.82617 1800 B  1657 999 999 
z4qso__182 130.215848 -0.13698 1800 B  1657 999 999 
z4qso__183 131.283517 1.43331 1800 B  1657 999 999 
z4qso__184 135.911496 1.42137 1800 B  1657 999 999 
z4qso__185 134.872614 0.04003 1800 B  1657 999 999 
z4qso__186 135.942483 0.39321 1800 B  1657 999 999 
z4qso__187 139.465348 0.68740 1800 B  1657 999 999 
z4qso__188 138.846227 0.53194 1800 B  1657 999 999 
z4qso__189 175.162749 0.64772 1800 B  1657 999 999 
z4qso__190 175.990045 -0.68067 1800 B  1657 999 999 
z4qso__191 178.902253 1.52091 1800 B  1657 999 999 
z4qso__192 178.576298 1.13572 1800 B  1657 999 999 
z4qso__193 176.877821 1.08626 1800 B  1657 999 999 
z4qso__194 178.290495 -0.14272 1800 B  1657 999 999 
z4qso__195 179.993712 1.63219 1800 B  1657 999 999 
z4qso__196 179.151889 0.77631 1800 B  1657 999 999 
z4qso__197 178.722994 1.29857 1800 B  1657 999 999 
z4qso__198 178.497713 0.00305 1800 B  1657 999 999 
z4qso__199 178.825479 2.01994 1800 B  1657 999 999 
z4qso__200 177.922904 0.43210 1800 B  1657 999 999 
z4qso__201 181.129727 0.17981 1800 B  1657 999 999 
z4qso__202 181.393381 0.32477 1800 B  1657 999 999 
z4qso__203 181.433217 0.94264 1800 B  1657 999 999 
z4qso__204 179.534294 1.12248 1800 B  1657 999 999 
z4qso__205 179.586336 -0.52539 1800 B  1657 999 999 
z4qso__206 181.207307 1.77048 1800 B  1657 999 999 
z4qso__207 179.857465 0.79435 1800 B  1657 999 999 
z4qso__208 182.085774 0.44962 1800 B  1657 999 999 
z4qso__209 182.111648 0.32472 1800 B  1657 999 999 
z4qso__210 211.332647 -0.55346 1800 B  1657 999 999 
z4qso__211 210.926693 0.39648 1800 B  1657 999 999 
z4qso__212 210.120365 0.83166 1800 B  1657 999 999 
z4qso__213 209.024360 1.67728 1800 B  1657 999 999 
z4qso__214 211.823708 1.22866 1800 B  1657 999 999 
z4qso__215 212.509692 0.59613 1800 B  1657 999 999 
z4qso__216 211.519222 0.80225 1800 B  1657 999 999 
z4qso__217 213.305475 0.85246 1800 B  1657 999 999 
z4qso__218 213.285651 0.74742 1800 B  1657 999 999 
z4qso__219 213.313510 0.24348 1800 B  1657 999 999 
z4qso__220 212.581875 0.27891 1800 B  1657 999 999 
z4qso__221 213.524631 0.61958 1800 B  1657 999 999 
z4qso__222 214.408476 -0.39176 1800 B  1657 999 999 
z4qso__223 214.470177 0.43856 1800 B  1657 999 999 
z4qso__224 216.641610 0.32779 1800 B  1657 999 999 
z4qso__225 215.091628 -0.26877 1800 B  1657 999 999 
z4qso__226 218.519417 1.41153 1800 B  1657 999 999 
z4qso__227 218.180894 0.77858 1800 B  1657 999 999 
z4qso__228 216.854107 2.16127 1800 B  1657 999 999 
z4qso__229 220.222365 1.14999 1800 B  1657 999 999 
z4qso__230 219.992860 0.76481 1800 B  1657 999 999 
z4qso__231 219.606121 0.56999 1800 B  1657 999 999 
z4qso__232 217.697278 1.61564 1800 B  1657 999 999 
z4qso__233 220.431986 2.09099 1800 B  1657 999 999 
z4qso__234 221.531354 0.93052 1800 B  1657 999 999 
z4qso__235 220.776468 0.13060 1800 B  1657 999 999 
z4qso__236 220.004626 0.48159 1800 B  1657 999 999 
z4qso__237 222.496838 1.98314 1800 B  1657 999 999 
z4qso__238 223.653914 1.52302 1800 B  1657 999 999 
z4qso__239 223.697956 1.65685 1800 B  1657 999 999 
z4qso__240 223.913751 0.98478 1800 B  1657 999 999 
z4qso__241 225.492189 0.96509 1800 B  1657 999 999 
z4qso__242 224.305019 -0.43543 1800 B  1657 999 999 
z4qso__243 330.935433 1.74986 1800 B  1657 999 999 
z4qso__244 331.016456 0.80546 1800 B  1657 999 999 
z4qso__245 331.719746 0.90623 1800 B  1657 999 999 
z4qso__246 333.122619 0.17645 1800 B  1657 999 999 
z4qso__247 333.021044 0.56919 1800 B  1657 999 999 
z4qso__248 334.615620 0.70655 1800 B  1657 999 999 
z4qso__249 334.573742 1.51643 1800 B  1657 999 999 
z4qso__250 334.338279 1.40772 1800 B  1657 999 999 
z4qso__251 334.848121 1.23460 1800 B  1657 999 999 
z4qso__252 336.703067 0.87741 1800 B  1657 999 999 
z4qso__253 336.245712 0.15714 1800 B  1657 999 999 
z4qso__254 339.193021 -0.26015 1800 B  1657 999 999 
z4qso__255 338.130515 2.32657 1800 B  1657 999 999 
z4qso__256 337.868472 -0.29548 1800 B  1657 999 999 
z4qso__257 337.407482 1.86940 1800 B  1657 999 999 
z4qso__258 339.771716 1.06272 1800 B  1657 999 999 
z4qso__259 338.646078 0.79430 1800 B  1657 999 999 
z4qso__260 339.040919 1.51866 1800 B  1657 999 999 
z4qso__261 340.437591 -0.12799 1800 B  1657 999 999 
z4qso__262 341.841780 0.65971 1800 B  1657 999 999 
z4qso__263 342.414769 1.66614 1800 B  1657 999 999 
z4qso__264 342.788915 -0.02359 1800 B  1657 999 999 
z4qso__265 341.944190 0.67740 1800 B  1657 999 999 
z4qso__266 344.592399 0.92363 1800 B  1657 999 999 
z4qso__267 129.394981 1.66543 1800 B  1657 999 999 
z4qso__268 131.051267 2.26540 1800 B  1657 999 999 
z4qso__269 129.128500 1.33192 1800 B  1657 999 999 
z4qso__270 130.813934 1.52400 1800 B  1657 999 999 
z4qso__271 130.625413 0.80618 1800 B  1657 999 999 
z4qso__272 134.332427 2.11044 1800 B  1657 999 999 
z4qso__273 134.083343 2.78173 1800 B  1657 999 999 
z4qso__274 134.452475 1.22797 1800 B  1657 999 999 
z4qso__275 135.432111 2.65655 1800 B  1657 999 999 
z4qso__276 136.457007 2.83559 1800 B  1657 999 999 
z4qso__277 137.066769 2.37883 1800 B  1657 999 999 
z4qso__278 140.692065 1.54646 1800 B  1657 999 999 
z4qso__279 141.408300 1.01936 1800 B  1657 999 999 
z4qso__280 140.725602 1.78652 1800 B  1657 999 999 
z4qso__281 141.994513 2.66728 1800 B  1657 999 999 
z4qso__282 179.819392 2.86227 1800 B  1657 999 999 
z4qso__283 214.801113 2.47478 1800 B  1657 999 999 
z4qso__284 216.601519 1.21901 1800 B  1657 999 999 
z4qso__285 215.246348 1.74604 1800 B  1657 999 999 
z4qso__286 218.159614 2.47805 1800 B  1657 999 999 
z4qso__287 220.625400 2.07449 1800 B  1657 999 999 
z4qso__288 219.492167 2.23335 1800 B  1657 999 999 
z4qso__289 329.274861 2.92090 1800 B  1657 999 999 
z4qso__290 333.077993 1.15337 1800 B  1657 999 999 
z4qso__291 331.988615 3.04374 1800 B  1657 999 999 
z4qso__292 331.845121 1.25407 1800 B  1657 999 999 
z4qso__293 331.308795 2.29989 1800 B  1657 999 999 
z4qso__294 330.332021 2.15633 1800 B  1657 999 999 
z4qso__295 335.073586 2.89956 1800 B  1657 999 999 
z4qso__296 334.617977 1.59853 1800 B  1657 999 999 
z4qso__297 335.410765 2.42538 1800 B  1657 999 999 
z4qso__298 336.355385 1.25119 1800 B  1657 999 999 
z4qso__299 334.490459 2.27793 1800 B  1657 999 999 
z4qso__300 337.880040 2.18224 1800 B  1657 999 999 
z4qso__301 337.114167 2.03183 1800 B  1657 999 999 
z4qso__302 341.601033 2.16308 1800 B  1657 999 999 
z4qso__303 340.138587 2.75844 1800 B  1657 999 999 
z4qso__304 340.535832 1.71080 1800 B  1657 999 999 
z4qso__305 342.215855 1.86693 1800 B  1657 999 999 
z4qso__306 341.944869 1.95764 1800 B  1657 999 999 
z4qso__307 341.773253 1.31711 1800 B  1657 999 999 
z4qso__308 138.228511 6.07934 1800 B  1657 999 999 
z4qso__309 137.964838 5.69692 1800 B  1657 999 999 
z4qso__310 138.231153 3.88238 1800 B  1657 999 999 
z4qso__311 237.960825 43.30597 1800 B  1657 999 999 
z4qso__312 239.584437 41.27794 1800 B  1657 999 999 
z4qso__313 240.558300 42.03827 1800 B  1657 999 999 
z4qso__314 240.601530 41.32617 1800 B  1657 999 999 
z4qso__315 239.606979 42.13585 1800 B  1657 999 999 
z4qso__316 244.246129 42.54356 1800 B  1657 999 999 
z4qso__317 248.955726 42.60961 1800 B  1657 999 999 
z4qso__318 238.310456 44.59158 1800 B  1657 999 999 
z4qso__319 238.795757 45.22599 1800 B  1657 999 999 
z4qso__320 236.852294 45.10509 1800 B  1657 999 999 
z4qso__321 237.525150 45.54334 1800 B  1657 999 999 
z4qso__322 241.308088 43.81565 1800 B  1657 999 999 
z4qso__323 240.282821 43.57408 1800 B  1657 999 999 
z4qso__324 240.335694 44.21996 1800 B  1657 999 999 
z4qso__325 242.006557 43.56186 1800 B  1657 999 999 
z4qso__326 243.124140 43.81612 1800 B  1657 999 999 
z4qso__327 246.905193 44.14283 1800 B  1657 999 999 
z4qso__328 248.645722 43.42532 1800 B  1657 999 999 
z4qso__329 246.279377 44.61485 1800 B  1657 999 999 
z4qso__330 214.274435 52.20432 1800 B  1657 999 999 
z4qso__331 215.777127 52.22145 1800 B  1657 999 999 
z4qso__332 29.770879 -7.26903 1800 B  1657 999 999 
z4qso__333 29.684464 -6.79769 1800 B  1657 999 999 
z4qso__334 31.339741 -6.13163 1800 B  1657 999 999 
z4qso__335 33.505789 -5.95888 1800 B  1657 999 999 
z4qso__336 32.972426 -7.86995 1800 B  1657 999 999 
z4qso__337 33.115346 -5.54720 1800 B  1657 999 999 
z4qso__338 32.459395 -5.97706 1800 B  1657 999 999 
z4qso__339 34.824024 -6.92884 1800 B  1657 999 999 
z4qso__340 34.354524 -6.24856 1800 B  1657 999 999 
z4qso__341 35.721611 -5.74269 1800 B  1657 999 999 
z4qso__342 35.601261 -6.54867 1800 B  1657 999 999 
z4qso__343 40.250566 -5.29385 1800 B  1657 999 999 
z4qso__344 38.209579 -6.21305 1800 B  1657 999 999 
z4qso__345 37.423661 -5.77360 1800 B  1657 999 999 
z4qso__346 37.409598 -6.54409 1800 B  1657 999 999 
z4qso__347 40.328438 -6.23760 1800 B  1657 999 999 
z4qso__348 40.553050 -7.51760 1800 B  1657 999 999 
z4qso__349 29.150300 -5.46323 1800 B  1657 999 999 
z4qso__350 30.902139 -5.34040 1800 B  1657 999 999 
z4qso__351 32.398897 -5.93564 1800 B  1657 999 999 
z4qso__352 32.852398 -4.86966 1800 B  1657 999 999 
z4qso__353 34.659580 -6.12372 1800 B  1657 999 999 
z4qso__354 37.622769 -5.14124 1800 B  1657 999 999 
z4qso__355 39.184936 -5.24877 1800 B  1657 999 999 
z4qso__356 38.596511 -6.36663 1800 B  1657 999 999 
z4qso__357 39.614501 -5.15724 1800 B  1657 999 999 
z4qso__358 38.903505 -5.01106 1800 B  1657 999 999 
z4qso__359 38.756327 -6.89204 1800 B  1657 999 999 
z4qso__360 40.520723 -6.30704 1800 B  1657 999 999 
z4qso__361 30.082422 -3.50439 1800 B  1657 999 999 
z4qso__362 29.162943 -2.62605 1800 B  1657 999 999 
z4qso__363 31.687895 -3.60112 1800 B  1657 999 999 
z4qso__364 32.457209 -4.14056 1800 B  1657 999 999 
z4qso__365 30.982523 -2.90793 1800 B  1657 999 999 
z4qso__366 34.020680 -3.87097 1800 B  1657 999 999 
z4qso__367 31.992772 -3.97001 1800 B  1657 999 999 
z4qso__368 32.575622 -4.09553 1800 B  1657 999 999 
z4qso__369 32.723370 -3.31734 1800 B  1657 999 999 
z4qso__370 34.607174 -4.11160 1800 B  1657 999 999 
z4qso__371 36.744370 -4.41588 1800 B  1657 999 999 
z4qso__372 37.165006 -3.42927 1800 B  1657 999 999 
z4qso__373 36.521581 -4.54488 1800 B  1657 999 999 
z4qso__374 36.739158 -4.40683 1800 B  1657 999 999 
z4qso__375 35.612075 -4.75847 1800 B  1657 999 999 
z4qso__376 37.381650 -2.86619 1800 B  1657 999 999 
z4qso__377 36.740433 -3.91578 1800 B  1657 999 999 
z4qso__378 37.178687 -3.78121 1800 B  1657 999 999 
z4qso__379 37.195307 -5.04305 1800 B  1657 999 999 
z4qso__380 36.930228 -3.65298 1800 B  1657 999 999 
z4qso__381 31.165378 -2.19776 1800 B  1657 999 999 
z4qso__382 29.743131 -1.10491 1800 B  1657 999 999 
z4qso__383 30.135085 -1.29033 1800 B  1657 999 999 
z4qso__384 29.131283 -2.48233 1800 B  1657 999 999 
z4qso__385 31.771369 -2.53480 1800 B  1657 999 999 
z4qso__386 31.423291 -1.37584 1800 B  1657 999 999 
z4qso__387 31.737258 -2.44623 1800 B  1657 999 999 
z4qso__388 31.839941 -1.77026 1800 B  1657 999 999 
z4qso__389 33.837244 -1.75075 1800 B  1657 999 999 
z4qso__390 37.050095 -1.88370 1800 B  1657 999 999 
z4qso__391 34.983834 -2.30791 1800 B  1657 999 999 
z4qso__392 37.069198 -2.16277 1800 B  1657 999 999 
z4qso__393 37.721422 -2.42039 1800 B  1657 999 999 
z4qso__394 37.778016 -2.10552 1800 B  1657 999 999 
z4qso__395 37.958903 -1.68266 1800 B  1657 999 999 
z4qso__396 136.199181 -2.44799 1800 B  1657 999 999 
z4qso__397 135.773385 -2.63723 1800 B  1657 999 999 
z4qso__398 138.671584 -2.86121 1800 B  1657 999 999 
z4qso__399 138.462330 -1.95822 1800 B  1657 999 999 
z4qso__400 139.207958 -1.96832 1800 B  1657 999 999 
z4qso__401 141.218226 -2.55132 1800 B  1657 999 999 
z4qso__402 139.633559 -2.99591 1800 B  1657 999 999 
z4qso__403 177.278509 -1.34435 1800 B  1657 999 999 
z4qso__404 176.266046 -1.17403 1800 B  1657 999 999 
z4qso__405 179.225405 -2.34825 1800 B  1657 999 999 
z4qso__406 177.746734 -2.33872 1800 B  1657 999 999 
z4qso__407 180.093339 -0.88005 1800 B  1657 999 999 
z4qso__408 180.382607 -2.29209 1800 B  1657 999 999 
z4qso__409 178.848714 -1.76719 1800 B  1657 999 999 
z4qso__410 213.578953 -3.06098 1800 B  1657 999 999 
z4qso__411 213.023432 -0.71294 1800 B  1657 999 999 
z4qso__412 211.424891 -1.98343 1800 B  1657 999 999 
z4qso__413 211.737138 -2.57817 1800 B  1657 999 999 
z4qso__414 212.383927 -1.72537 1800 B  1657 999 999 
z4qso__415 214.173573 -2.96619 1800 B  1657 999 999 
z4qso__416 214.946631 -2.58310 1800 B  1657 999 999 
z4qso__417 216.989566 -2.40828 1800 B  1657 999 999 
z4qso__418 219.625503 -2.68956 1800 B  1657 999 999 
z4qso__419 221.867422 -2.16829 1800 B  1657 999 999 
z4qso__420 221.126836 -1.86534 1800 B  1657 999 999 
z4qso__421 221.692400 -0.98366 1800 B  1657 999 999 
z4qso__422 221.320226 -2.25760 1800 B  1657 999 999 
z4qso__423 220.511213 -2.11684 1800 B  1657 999 999 
z4qso__424 224.675859 -1.06025 1800 B  1657 999 999 
z4qso__425 224.448530 -1.09492 1800 B  1657 999 999 
z4qso__426 129.424754 -1.11681 1800 B  1657 999 999 
z4qso__427 129.688135 -1.07935 1800 B  1657 999 999 
z4qso__428 132.235621 -1.01707 1800 B  1657 999 999 
z4qso__429 132.505006 -0.33955 1800 B  1657 999 999 
z4qso__430 133.440259 -0.65117 1800 B  1657 999 999 
z4qso__431 135.556197 -0.80270 1800 B  1657 999 999 
z4qso__432 134.252124 -0.89529 1800 B  1657 999 999 
z4qso__433 137.036227 -1.74753 1800 B  1657 999 999 
z4qso__434 136.320664 -0.35693 1800 B  1657 999 999 
z4qso__435 137.877885 -1.07865 1800 B  1657 999 999 
z4qso__436 137.238115 -0.59846 1800 B  1657 999 999 
z4qso__437 139.644361 0.19744 1800 B  1657 999 999 
z4qso__438 139.058095 -1.99949 1800 B  1657 999 999 
z4qso__439 140.499087 -1.68161 1800 B  1657 999 999 
z4qso__440 141.632366 -0.71549 1800 B  1657 999 999 
z4qso__441 139.431948 -1.76173 1800 B  1657 999 999 
z4qso__442 176.792363 0.72420 1800 B  1657 999 999 
z4qso__443 176.500065 -1.31836 1800 B  1657 999 999 
z4qso__444 178.151543 -0.49458 1800 B  1657 999 999 
z4qso__445 177.334540 0.01754 1800 B  1657 999 999 
z4qso__446 176.851611 -1.06361 1800 B  1657 999 999 
z4qso__447 180.472326 -2.04877 1800 B  1657 999 999 
z4qso__448 179.428051 -2.09519 1800 B  1657 999 999 
z4qso__449 178.774818 -0.11992 1800 B  1657 999 999 
z4qso__450 180.735587 -0.82532 1800 B  1657 999 999 
z4qso__451 182.597393 -0.67195 1800 B  1657 999 999 
z4qso__452 183.604965 -0.67726 1800 B  1657 999 999 
z4qso__453 210.546794 -1.90398 1800 B  1657 999 999 
z4qso__454 213.065444 -0.33251 1800 B  1657 999 999 
z4qso__455 211.120101 0.78450 1800 B  1657 999 999 
z4qso__456 211.898361 0.15262 1800 B  1657 999 999 
z4qso__457 213.441577 -0.59148 1800 B  1657 999 999 
z4qso__458 213.213431 -0.97029 1800 B  1657 999 999 
z4qso__459 214.730225 0.21569 1800 B  1657 999 999 
z4qso__460 214.632729 0.81338 1800 B  1657 999 999 
z4qso__461 214.809938 0.16897 1800 B  1657 999 999 
z4qso__462 214.395384 -1.24291 1800 B  1657 999 999 
z4qso__463 216.187094 -0.67361 1800 B  1657 999 999 
z4qso__464 218.414518 0.31258 1800 B  1657 999 999 
z4qso__465 218.726223 -1.03465 1800 B  1657 999 999 
z4qso__466 219.882296 -0.58511 1800 B  1657 999 999 
z4qso__467 220.023487 -0.71126 1800 B  1657 999 999 
z4qso__468 219.358894 -0.77828 1800 B  1657 999 999 
z4qso__469 220.970877 0.37264 1800 B  1657 999 999 
z4qso__470 220.369434 0.60061 1800 B  1657 999 999 
z4qso__471 220.057477 0.07124 1800 B  1657 999 999 
z4qso__472 220.410636 -0.57660 1800 B  1657 999 999 
z4qso__473 219.813827 -0.07024 1800 B  1657 999 999 
z4qso__474 220.023880 -0.82736 1800 B  1657 999 999 
z4qso__475 219.843986 0.06132 1800 B  1657 999 999 
z4qso__476 222.009958 -1.59169 1800 B  1657 999 999 
z4qso__477 220.671938 -0.94768 1800 B  1657 999 999 
z4qso__478 223.414140 -2.08193 1800 B  1657 999 999 
z4qso__479 223.119400 -1.03929 1800 B  1657 999 999 
z4qso__480 225.689761 -1.48228 1800 B  1657 999 999 
z4qso__481 224.464458 -1.31682 1800 B  1657 999 999 
z4qso__482 329.468199 -0.16544 1800 B  1657 999 999 
z4qso__483 332.182793 -1.98966 1800 B  1657 999 999 
z4qso__484 334.300044 -1.04539 1800 B  1657 999 999 
z4qso__485 334.426351 -0.64651 1800 B  1657 999 999 
z4qso__486 333.176811 -0.13304 1800 B  1657 999 999 
z4qso__487 332.540312 -1.21849 1800 B  1657 999 999 
z4qso__488 334.401324 -1.11175 1800 B  1657 999 999 
z4qso__489 335.776921 0.09409 1800 B  1657 999 999 
z4qso__490 335.775542 0.64077 1800 B  1657 999 999 
z4qso__491 339.239665 -0.88652 1800 B  1657 999 999 
z4qso__492 337.970174 0.20815 1800 B  1657 999 999 
z4qso__493 338.257657 0.01742 1800 B  1657 999 999 
z4qso__494 340.204095 -0.49860 1800 B  1657 999 999 
z4qso__495 339.791410 -1.59752 1800 B  1657 999 999 
z4qso__496 342.953507 -0.66701 1800 B  1657 999 999 
z4qso__497 342.613893 -0.31261 1800 B  1657 999 999 
z4qso__498 343.441008 0.17322 1800 B  1657 999 999 
z4qso__499 129.825319 1.19708 1800 B  1657 999 999 
z4qso__500 130.411036 2.12921 1800 B  1657 999 999 
z4qso__501 131.824513 0.10940 1800 B  1657 999 999 
z4qso__502 132.312966 0.03080 1800 B  1657 999 999 
z4qso__503 133.094659 1.57640 1800 B  1657 999 999 
z4qso__504 133.018981 0.91599 1800 B  1657 999 999 
z4qso__505 134.297070 -0.05347 1800 B  1657 999 999 
z4qso__506 132.617427 1.04802 1800 B  1657 999 999 
z4qso__507 133.044829 0.53753 1800 B  1657 999 999 
z4qso__508 136.164684 0.58071 1800 B  1657 999 999 
z4qso__509 136.421285 -0.51627 1800 B  1657 999 999 
z4qso__510 136.511017 1.77232 1800 B  1657 999 999 
z4qso__511 134.936033 1.08811 1800 B  1657 999 999 
z4qso__512 137.347340 1.08281 1800 B  1657 999 999 
z4qso__513 138.932837 1.52550 1800 B  1657 999 999 
z4qso__514 141.433653 1.86517 1800 B  1657 999 999 
z4qso__515 141.187715 0.60635 1800 B  1657 999 999 
z4qso__516 141.159396 0.71027 1800 B  1657 999 999 
z4qso__517 177.194671 0.98768 1800 B  1657 999 999 
z4qso__518 176.587004 1.30357 1800 B  1657 999 999 
z4qso__519 178.856745 1.05920 1800 B  1657 999 999 
z4qso__520 178.352419 0.68937 1800 B  1657 999 999 
z4qso__521 176.958507 0.78034 1800 B  1657 999 999 
z4qso__522 176.602904 -0.45690 1800 B  1657 999 999 
z4qso__523 179.256277 1.16532 1800 B  1657 999 999 
z4qso__524 178.828393 0.74124 1800 B  1657 999 999 
z4qso__525 179.030959 1.51442 1800 B  1657 999 999 
z4qso__526 179.502925 -0.45767 1800 B  1657 999 999 
z4qso__527 181.796364 0.30106 1800 B  1657 999 999 
z4qso__528 180.815199 0.64184 1800 B  1657 999 999 
z4qso__529 182.760944 0.99865 1800 B  1657 999 999 
z4qso__530 182.559783 1.16394 1800 B  1657 999 999 
z4qso__531 181.899309 0.04831 1800 B  1657 999 999 
z4qso__532 209.733348 -0.43790 1800 B  1657 999 999 
z4qso__533 209.821365 0.45197 1800 B  1657 999 999 
z4qso__534 212.170673 0.04195 1800 B  1657 999 999 
z4qso__535 211.261182 1.10645 1800 B  1657 999 999 
z4qso__536 214.051089 1.91752 1800 B  1657 999 999 
z4qso__537 213.024747 1.17124 1800 B  1657 999 999 
z4qso__538 214.429914 1.98688 1800 B  1657 999 999 
z4qso__539 214.038277 -0.38734 1800 B  1657 999 999 
z4qso__540 213.564619 0.37475 1800 B  1657 999 999 
z4qso__541 215.890390 1.73794 1800 B  1657 999 999 
z4qso__542 215.528907 0.13620 1800 B  1657 999 999 
z4qso__543 215.143488 1.65711 1800 B  1657 999 999 
z4qso__544 217.396130 0.96670 1800 B  1657 999 999 
z4qso__545 215.154768 2.01972 1800 B  1657 999 999 
z4qso__546 218.195119 -0.39265 1800 B  1657 999 999 
z4qso__547 217.493922 1.09577 1800 B  1657 999 999 
z4qso__548 216.928213 0.46713 1800 B  1657 999 999 
z4qso__549 217.766148 1.87116 1800 B  1657 999 999 
z4qso__550 219.837300 2.13320 1800 B  1657 999 999 
z4qso__551 219.908085 0.33617 1800 B  1657 999 999 
z4qso__552 218.369280 -0.15822 1800 B  1657 999 999 
z4qso__553 219.073084 1.45272 1800 B  1657 999 999 
z4qso__554 221.260154 1.29341 1800 B  1657 999 999 
z4qso__555 222.690239 1.15060 1800 B  1657 999 999 
z4qso__556 221.603023 1.93936 1800 B  1657 999 999 
z4qso__557 225.151532 1.58188 1800 B  1657 999 999 
z4qso__558 222.488145 0.42983 1800 B  1657 999 999 
z4qso__559 222.254005 0.59162 1800 B  1657 999 999 
z4qso__560 224.455005 -0.57809 1800 B  1657 999 999 
z4qso__561 329.770076 2.09795 1800 B  1657 999 999 
z4qso__562 332.531305 1.63730 1800 B  1657 999 999 
z4qso__563 334.910475 1.59667 1800 B  1657 999 999 
z4qso__564 333.917847 0.80588 1800 B  1657 999 999 
z4qso__565 332.597589 0.74615 1800 B  1657 999 999 
z4qso__566 334.653256 0.72255 1800 B  1657 999 999 
z4qso__567 333.906491 -0.33014 1800 B  1657 999 999 
z4qso__568 335.259320 0.62207 1800 B  1657 999 999 
z4qso__569 336.979204 0.41705 1800 B  1657 999 999 
z4qso__570 336.628634 0.32247 1800 B  1657 999 999 
z4qso__571 336.932890 1.53574 1800 B  1657 999 999 
z4qso__572 335.147799 0.35748 1800 B  1657 999 999 
z4qso__573 338.749844 -0.18132 1800 B  1657 999 999 
z4qso__574 337.275565 -0.51050 1800 B  1657 999 999 
z4qso__575 338.146205 0.12586 1800 B  1657 999 999 
z4qso__576 337.886488 0.72179 1800 B  1657 999 999 
z4qso__577 341.310775 1.79144 1800 B  1657 999 999 
z4qso__578 341.334887 -0.37591 1800 B  1657 999 999 
z4qso__579 339.866883 0.85335 1800 B  1657 999 999 
z4qso__580 341.835607 -0.54747 1800 B  1657 999 999 
z4qso__581 341.693410 1.39613 1800 B  1657 999 999 
z4qso__582 343.101505 0.73098 1800 B  1657 999 999 
z4qso__583 343.258976 0.08948 1800 B  1657 999 999 
z4qso__584 341.030512 2.02671 1800 B  1657 999 999 
z4qso__585 341.388593 0.41488 1800 B  1657 999 999 
z4qso__586 342.469424 2.15140 1800 B  1657 999 999 
z4qso__587 129.542140 1.29393 1800 B  1657 999 999 
z4qso__588 128.906815 2.07430 1800 B  1657 999 999 
z4qso__589 130.164386 1.63209 1800 B  1657 999 999 
z4qso__590 129.448860 1.34064 1800 B  1657 999 999 
z4qso__591 132.321359 2.24675 1800 B  1657 999 999 
z4qso__592 130.494645 2.16404 1800 B  1657 999 999 
z4qso__593 130.587214 2.70853 1800 B  1657 999 999 
z4qso__594 133.624932 2.54002 1800 B  1657 999 999 
z4qso__595 133.252539 2.89220 1800 B  1657 999 999 
z4qso__596 132.548668 2.35456 1800 B  1657 999 999 
z4qso__597 131.735203 2.42481 1800 B  1657 999 999 
z4qso__598 132.056119 1.88197 1800 B  1657 999 999 
z4qso__599 133.621771 1.77669 1800 B  1657 999 999 
z4qso__600 133.761911 1.69569 1800 B  1657 999 999 
z4qso__601 134.416128 2.54995 1800 B  1657 999 999 
z4qso__602 136.460615 2.92393 1800 B  1657 999 999 
z4qso__603 135.590610 2.69429 1800 B  1657 999 999 
z4qso__604 134.819538 2.16478 1800 B  1657 999 999 
z4qso__605 135.164069 1.88927 1800 B  1657 999 999 
z4qso__606 137.840307 1.52893 1800 B  1657 999 999 
z4qso__607 135.916758 1.55056 1800 B  1657 999 999 
z4qso__608 137.918544 3.10279 1800 B  1657 999 999 
z4qso__609 137.430240 2.24485 1800 B  1657 999 999 
z4qso__610 137.097585 2.19335 1800 B  1657 999 999 
z4qso__611 137.299859 1.86732 1800 B  1657 999 999 
z4qso__612 139.805583 2.60162 1800 B  1657 999 999 
z4qso__613 138.922959 1.02086 1800 B  1657 999 999 
z4qso__614 142.634104 2.75839 1800 B  1657 999 999 
z4qso__615 140.643433 3.23676 1800 B  1657 999 999 
z4qso__616 140.483272 3.13029 1800 B  1657 999 999 
z4qso__617 141.755428 2.41573 1800 B  1657 999 999 
z4qso__618 140.815055 1.54061 1800 B  1657 999 999 
z4qso__619 141.102959 2.42226 1800 B  1657 999 999 
z4qso__620 140.337936 1.61383 1800 B  1657 999 999 
z4qso__621 141.096357 1.48215 1800 B  1657 999 999 
z4qso__622 178.267072 2.17770 1800 B  1657 999 999 
z4qso__623 181.295069 1.79228 1800 B  1657 999 999 
z4qso__624 179.189823 1.33728 1800 B  1657 999 999 
z4qso__625 178.399205 1.81740 1800 B  1657 999 999 
z4qso__626 182.006969 3.18340 1800 B  1657 999 999 
z4qso__627 182.137008 1.54659 1800 B  1657 999 999 
z4qso__628 180.068877 1.39641 1800 B  1657 999 999 
z4qso__629 215.177495 1.54915 1800 B  1657 999 999 
z4qso__630 217.818414 2.59402 1800 B  1657 999 999 
z4qso__631 220.277725 2.63141 1800 B  1657 999 999 
z4qso__632 219.615812 2.61495 1800 B  1657 999 999 
z4qso__633 219.918267 1.18716 1800 B  1657 999 999 
z4qso__634 331.724913 1.77424 1800 B  1657 999 999 
z4qso__635 331.027423 2.08832 1800 B  1657 999 999 
z4qso__636 333.854791 2.05530 1800 B  1657 999 999 
z4qso__637 335.976795 1.79290 1800 B  1657 999 999 
z4qso__638 335.007052 2.62534 1800 B  1657 999 999 
z4qso__639 334.069278 2.64831 1800 B  1657 999 999 
z4qso__640 336.604850 1.89305 1800 B  1657 999 999 
z4qso__641 336.736393 3.46104 1800 B  1657 999 999 
z4qso__642 336.504108 1.86213 1800 B  1657 999 999 
z4qso__643 338.936536 3.46444 1800 B  1657 999 999 
z4qso__644 339.643787 1.54041 1800 B  1657 999 999 
z4qso__645 339.863526 3.06299 1800 B  1657 999 999 
z4qso__646 338.226808 2.51481 1800 B  1657 999 999 
z4qso__647 337.957478 1.97633 1800 B  1657 999 999 
z4qso__648 340.827955 0.75725 1800 B  1657 999 999 
z4qso__649 137.414055 2.92196 1800 B  1657 999 999 
z4qso__650 141.590022 2.49034 1800 B  1657 999 999 
z4qso__651 136.286765 5.81406 1800 B  1657 999 999 
z4qso__652 138.801465 4.31961 1800 B  1657 999 999 
z4qso__653 238.944114 42.00451 1800 B  1657 999 999 
z4qso__654 239.552545 41.80224 1800 B  1657 999 999 
z4qso__655 239.465492 42.61492 1800 B  1657 999 999 
z4qso__656 243.960417 42.13197 1800 B  1657 999 999 
z4qso__657 243.088261 42.68471 1800 B  1657 999 999 
z4qso__658 242.636597 42.70732 1800 B  1657 999 999 
z4qso__659 243.032142 42.97478 1800 B  1657 999 999 
z4qso__660 242.721820 42.28628 1800 B  1657 999 999 
z4qso__661 245.347976 41.23130 1800 B  1657 999 999 
z4qso__662 243.735208 41.52085 1800 B  1657 999 999 
z4qso__663 245.535517 43.84122 1800 B  1657 999 999 
z4qso__664 243.589548 41.44363 1800 B  1657 999 999 
z4qso__665 246.071279 43.27495 1800 B  1657 999 999 
z4qso__666 248.624313 43.07966 1800 B  1657 999 999 
z4qso__667 246.903914 42.57388 1800 B  1657 999 999 
z4qso__668 237.548431 44.86643 1800 B  1657 999 999 
z4qso__669 238.963827 43.48060 1800 B  1657 999 999 
z4qso__670 236.778630 44.42452 1800 B  1657 999 999 
z4qso__671 240.995272 43.61636 1800 B  1657 999 999 
z4qso__672 238.205053 44.54291 1800 B  1657 999 999 
z4qso__673 241.929414 44.90402 1800 B  1657 999 999 
z4qso__674 245.832188 43.42682 1800 B  1657 999 999 
z4qso__675 244.125526 42.98334 1800 B  1657 999 999 
z4qso__676 245.417812 45.43817 1800 B  1657 999 999 
z4qso__677 248.168124 43.96821 1800 B  1657 999 999 
z4qso__678 247.397057 43.72378 1800 B  1657 999 999 
z4qso__679 246.371885 44.76017 1800 B  1657 999 999 
z4qso__680 212.710295 51.75113 1800 B  1657 999 999 
z4qso__681 214.574584 52.46104 1800 B  1657 999 999 
z4qso__682 30.828261 -6.93595 1800 B  1657 999 999 
z4qso__683 29.280314 -6.82854 1800 B  1657 999 999 
z4qso__684 30.619352 -6.45444 1800 B  1657 999 999 
z4qso__685 28.753643 -5.78216 1800 B  1657 999 999 
z4qso__686 29.845847 -5.53739 1800 B  1657 999 999 
z4qso__687 28.917385 -6.74661 1800 B  1657 999 999 
z4qso__688 32.535711 -6.60688 1800 B  1657 999 999 
z4qso__689 30.717467 -7.72350 1800 B  1657 999 999 
z4qso__690 32.342021 -6.34003 1800 B  1657 999 999 
z4qso__691 30.917313 -5.65712 1800 B  1657 999 999 
z4qso__692 31.546872 -5.97245 1800 B  1657 999 999 
z4qso__693 30.900963 -5.89773 1800 B  1657 999 999 
z4qso__694 30.631748 -5.08337 1800 B  1657 999 999 
z4qso__695 31.367621 -6.80233 1800 B  1657 999 999 
z4qso__696 30.887394 -6.78952 1800 B  1657 999 999 
z4qso__697 30.659174 -6.96044 1800 B  1657 999 999 
z4qso__698 31.470167 -7.54021 1800 B  1657 999 999 
z4qso__699 30.094310 -6.66015 1800 B  1657 999 999 
z4qso__700 32.773260 -6.28719 1800 B  1657 999 999 
z4qso__701 33.268333 -5.78724 1800 B  1657 999 999 
z4qso__702 32.876076 -5.66398 1800 B  1657 999 999 
z4qso__703 33.721574 -5.80909 1800 B  1657 999 999 
z4qso__704 32.410908 -6.37272 1800 B  1657 999 999 
z4qso__705 33.646160 -5.57114 1800 B  1657 999 999 
z4qso__706 32.182635 -6.10093 1800 B  1657 999 999 
z4qso__707 33.101695 -6.29112 1800 B  1657 999 999 
z4qso__708 31.810274 -6.03032 1800 B  1657 999 999 
z4qso__709 32.168796 -6.38302 1800 B  1657 999 999 
z4qso__710 34.065735 -7.07223 1800 B  1657 999 999 
z4qso__711 35.029437 -6.27965 1800 B  1657 999 999 
z4qso__712 34.220946 -6.60910 1800 B  1657 999 999 
z4qso__713 33.949316 -6.39317 1800 B  1657 999 999 
z4qso__714 34.156163 -6.89234 1800 B  1657 999 999 
z4qso__715 33.517408 -7.17673 1800 B  1657 999 999 
z4qso__716 34.098484 -5.74338 1800 B  1657 999 999 
z4qso__717 32.853758 -6.98492 1800 B  1657 999 999 
z4qso__718 33.401399 -6.95593 1800 B  1657 999 999 
z4qso__719 34.326587 -6.92196 1800 B  1657 999 999 
z4qso__720 35.933466 -6.28377 1800 B  1657 999 999 
z4qso__721 35.466096 -6.97645 1800 B  1657 999 999 
z4qso__722 36.673636 -6.61431 1800 B  1657 999 999 
z4qso__723 36.029072 -7.20723 1800 B  1657 999 999 
z4qso__724 34.969539 -6.35800 1800 B  1657 999 999 
z4qso__725 36.286489 -6.20253 1800 B  1657 999 999 
z4qso__726 36.165185 -7.86853 1800 B  1657 999 999 
z4qso__727 35.592432 -6.49757 1800 B  1657 999 999 
z4qso__728 34.826382 -5.82625 1800 B  1657 999 999 
z4qso__729 35.783328 -7.15996 1800 B  1657 999 999 
z4qso__730 39.380014 -7.30792 1800 B  1657 999 999 
z4qso__731 39.143677 -6.31825 1800 B  1657 999 999 
z4qso__732 39.395896 -8.17549 1800 B  1657 999 999 
z4qso__733 38.456340 -6.80446 1800 B  1657 999 999 
z4qso__734 39.981160 -7.26495 1800 B  1657 999 999 
z4qso__735 39.573643 -6.49039 1800 B  1657 999 999 
z4qso__736 37.449129 -6.87432 1800 B  1657 999 999 
z4qso__737 37.310400 -6.49618 1800 B  1657 999 999 
z4qso__738 41.017368 -7.41946 1800 B  1657 999 999 
z4qso__739 39.772026 -6.37156 1800 B  1657 999 999 
z4qso__740 28.342681 -5.30156 1800 B  1657 999 999 
z4qso__741 28.920111 -5.85733 1800 B  1657 999 999 
z4qso__742 29.036483 -6.02408 1800 B  1657 999 999 
z4qso__743 29.984086 -3.82438 1800 B  1657 999 999 
z4qso__744 28.411373 -6.28835 1800 B  1657 999 999 
z4qso__745 29.092351 -6.30446 1800 B  1657 999 999 
z4qso__746 28.687667 -5.72261 1800 B  1657 999 999 
z4qso__747 31.725343 -4.80685 1800 B  1657 999 999 
z4qso__748 32.552401 -4.57836 1800 B  1657 999 999 
z4qso__749 30.935533 -4.69493 1800 B  1657 999 999 
z4qso__750 32.327404 -5.75351 1800 B  1657 999 999 
z4qso__751 30.544720 -6.05184 1800 B  1657 999 999 
z4qso__752 31.722394 -3.99513 1800 B  1657 999 999 
z4qso__753 32.209408 -4.96041 1800 B  1657 999 999 
z4qso__754 30.789260 -4.73051 1800 B  1657 999 999 
z4qso__755 32.169301 -5.38551 1800 B  1657 999 999 
z4qso__756 31.231532 -6.66082 1800 B  1657 999 999 
z4qso__757 31.574218 -5.64927 1800 B  1657 999 999 
z4qso__758 29.996583 -5.37984 1800 B  1657 999 999 
z4qso__759 32.567225 -3.90285 1800 B  1657 999 999 
z4qso__760 33.731205 -5.95850 1800 B  1657 999 999 
z4qso__761 33.145832 -5.00109 1800 B  1657 999 999 
z4qso__762 32.732277 -4.16895 1800 B  1657 999 999 
z4qso__763 32.675739 -5.12389 1800 B  1657 999 999 
z4qso__764 32.025657 -4.98230 1800 B  1657 999 999 
z4qso__765 32.044629 -4.37179 1800 B  1657 999 999 
z4qso__766 35.578362 -6.44429 1800 B  1657 999 999 
z4qso__767 35.464259 -5.75118 1800 B  1657 999 999 
z4qso__768 33.996246 -6.61950 1800 B  1657 999 999 
z4qso__769 34.406376 -5.13151 1800 B  1657 999 999 
z4qso__770 35.350673 -4.94777 1800 B  1657 999 999 
z4qso__771 35.644979 -6.24485 1800 B  1657 999 999 
z4qso__772 36.534252 -4.32386 1800 B  1657 999 999 
z4qso__773 35.975116 -4.88940 1800 B  1657 999 999 
z4qso__774 34.949551 -4.62621 1800 B  1657 999 999 
z4qso__775 35.686969 -4.50991 1800 B  1657 999 999 
z4qso__776 35.763857 -5.60741 1800 B  1657 999 999 
z4qso__777 34.925131 -5.65831 1800 B  1657 999 999 
z4qso__778 35.339422 -4.32167 1800 B  1657 999 999 
z4qso__779 37.647520 -5.89690 1800 B  1657 999 999 
z4qso__780 37.624421 -4.91784 1800 B  1657 999 999 
z4qso__781 37.034551 -5.29929 1800 B  1657 999 999 
z4qso__782 36.975873 -5.60306 1800 B  1657 999 999 
z4qso__783 37.564823 -4.52374 1800 B  1657 999 999 
z4qso__784 37.153684 -5.01861 1800 B  1657 999 999 
z4qso__785 38.817176 -6.04599 1800 B  1657 999 999 
z4qso__786 38.199344 -5.81429 1800 B  1657 999 999 
z4qso__787 39.688060 -4.76154 1800 B  1657 999 999 
z4qso__788 39.061286 -4.23160 1800 B  1657 999 999 
z4qso__789 38.652782 -4.75384 1800 B  1657 999 999 
z4qso__790 38.791258 -5.07936 1800 B  1657 999 999 
z4qso__791 39.494467 -6.59997 1800 B  1657 999 999 
z4qso__792 38.357619 -5.85945 1800 B  1657 999 999 
z4qso__793 39.921497 -4.83449 1800 B  1657 999 999 
z4qso__794 39.874024 -5.90191 1800 B  1657 999 999 
z4qso__795 39.624352 -6.09405 1800 B  1657 999 999 
z4qso__796 39.026076 -4.71103 1800 B  1657 999 999 
z4qso__797 30.264918 -4.04705 1800 B  1657 999 999 
z4qso__798 30.184809 -4.32935 1800 B  1657 999 999 
z4qso__799 29.675527 -3.34217 1800 B  1657 999 999 
z4qso__800 30.376682 -2.99607 1800 B  1657 999 999 
z4qso__801 29.380324 -4.15412 1800 B  1657 999 999 
z4qso__802 29.617590 -3.85491 1800 B  1657 999 999 
z4qso__803 28.896506 -2.65346 1800 B  1657 999 999 
z4qso__804 29.633981 -2.94626 1800 B  1657 999 999 
z4qso__805 32.236633 -4.82773 1800 B  1657 999 999 
z4qso__806 30.636915 -3.92700 1800 B  1657 999 999 
z4qso__807 30.616792 -2.66393 1800 B  1657 999 999 
z4qso__808 30.886774 -3.62895 1800 B  1657 999 999 
z4qso__809 30.401727 -3.64879 1800 B  1657 999 999 
z4qso__810 33.063500 -4.67779 1800 B  1657 999 999 
z4qso__811 33.312556 -4.05821 1800 B  1657 999 999 
z4qso__812 35.050105 -3.08809 1800 B  1657 999 999 
z4qso__813 33.990327 -3.37025 1800 B  1657 999 999 
z4qso__814 33.196543 -2.33683 1800 B  1657 999 999 
z4qso__815 33.231026 -4.20945 1800 B  1657 999 999 
z4qso__816 34.079570 -3.25534 1800 B  1657 999 999 
z4qso__817 36.555643 -3.27862 1800 B  1657 999 999 
z4qso__818 36.073297 -5.25720 1800 B  1657 999 999 
z4qso__819 35.720439 -2.32793 1800 B  1657 999 999 
z4qso__820 35.088813 -2.93252 1800 B  1657 999 999 
z4qso__821 35.993768 -4.54041 1800 B  1657 999 999 
z4qso__822 37.505590 -4.99532 1800 B  1657 999 999 
z4qso__823 37.687535 -3.97711 1800 B  1657 999 999 
z4qso__824 37.937792 -4.07290 1800 B  1657 999 999 
z4qso__825 36.885483 -3.71749 1800 B  1657 999 999 
z4qso__826 36.222938 -2.96248 1800 B  1657 999 999 
z4qso__827 37.889715 -3.03641 1800 B  1657 999 999 
z4qso__828 39.622831 -3.28392 1800 B  1657 999 999 
z4qso__829 38.022637 -4.97871 1800 B  1657 999 999 
z4qso__830 39.164665 -4.51506 1800 B  1657 999 999 
z4qso__831 30.760404 -1.94277 1800 B  1657 999 999 
z4qso__832 30.282426 -2.48832 1800 B  1657 999 999 
z4qso__833 30.011673 -2.38844 1800 B  1657 999 999 
z4qso__834 29.146766 -1.65240 1800 B  1657 999 999 
z4qso__835 28.975655 -2.34782 1800 B  1657 999 999 
z4qso__836 29.193307 -2.26583 1800 B  1657 999 999 
z4qso__837 30.155686 -0.97287 1800 B  1657 999 999 
z4qso__838 29.125899 -1.90692 1800 B  1657 999 999 
z4qso__839 28.465655 -2.11510 1800 B  1657 999 999 
z4qso__840 28.282290 -1.78853 1800 B  1657 999 999 
z4qso__841 28.342060 -1.52045 1800 B  1657 999 999 
z4qso__842 32.016147 -2.27847 1800 B  1657 999 999 
z4qso__843 31.571268 -1.64321 1800 B  1657 999 999 
z4qso__844 31.219595 -3.62487 1800 B  1657 999 999 
z4qso__845 31.110152 -2.10006 1800 B  1657 999 999 
z4qso__846 30.747188 -0.89374 1800 B  1657 999 999 
z4qso__847 30.406682 -0.57875 1800 B  1657 999 999 
z4qso__848 30.614207 -3.50915 1800 B  1657 999 999 
z4qso__849 31.721849 -2.49811 1800 B  1657 999 999 
z4qso__850 30.871815 -1.78712 1800 B  1657 999 999 
z4qso__851 30.404301 -2.89891 1800 B  1657 999 999 
z4qso__852 34.029274 -2.65512 1800 B  1657 999 999 
z4qso__853 33.957522 -1.92213 1800 B  1657 999 999 
z4qso__854 33.587768 -2.05580 1800 B  1657 999 999 
z4qso__855 34.118429 -1.67399 1800 B  1657 999 999 
z4qso__856 34.035621 -2.77299 1800 B  1657 999 999 
z4qso__857 34.733947 -2.07767 1800 B  1657 999 999 
z4qso__858 33.904695 -1.32045 1800 B  1657 999 999 
z4qso__859 33.167548 -3.57133 1800 B  1657 999 999 
z4qso__860 35.476600 -1.41096 1800 B  1657 999 999 
z4qso__861 35.507799 -2.55613 1800 B  1657 999 999 
z4qso__862 35.222388 -1.58717 1800 B  1657 999 999 
z4qso__863 35.253790 -3.72462 1800 B  1657 999 999 
z4qso__864 35.325618 -3.25328 1800 B  1657 999 999 
z4qso__865 35.163444 -3.11529 1800 B  1657 999 999 
z4qso__866 36.535463 -1.18128 1800 B  1657 999 999 
z4qso__867 36.234872 -1.17192 1800 B  1657 999 999 
z4qso__868 36.345046 -1.65068 1800 B  1657 999 999 
z4qso__869 35.670687 -2.56682 1800 B  1657 999 999 
z4qso__870 35.483866 -2.92941 1800 B  1657 999 999 
z4qso__871 35.843075 -1.27655 1800 B  1657 999 999 
z4qso__872 34.492968 -2.27475 1800 B  1657 999 999 
z4qso__873 34.537449 -1.11755 1800 B  1657 999 999 
z4qso__874 37.758677 -2.05048 1800 B  1657 999 999 
z4qso__875 36.717437 -1.96573 1800 B  1657 999 999 
z4qso__876 36.843215 -3.51981 1800 B  1657 999 999 
z4qso__877 37.138953 -3.06646 1800 B  1657 999 999 
z4qso__878 36.597364 -3.15278 1800 B  1657 999 999 
z4qso__879 37.424052 -0.77785 1800 B  1657 999 999 
z4qso__880 35.843080 -1.03811 1800 B  1657 999 999 
z4qso__881 38.221372 -1.50582 1800 B  1657 999 999 
z4qso__882 38.324621 -1.84254 1800 B  1657 999 999 
z4qso__883 39.408388 -1.45389 1800 B  1657 999 999 
z4qso__884 37.725281 -2.51356 1800 B  1657 999 999 
z4qso__885 37.413924 -1.51058 1800 B  1657 999 999 
z4qso__886 135.213319 -2.51794 1800 B  1657 999 999 
z4qso__887 135.827681 -2.24265 1800 B  1657 999 999 
z4qso__888 136.927482 -1.55478 1800 B  1657 999 999 
z4qso__889 134.854644 -2.23168 1800 B  1657 999 999 
z4qso__890 135.358855 -2.78189 1800 B  1657 999 999 
z4qso__891 134.767203 -1.91138 1800 B  1657 999 999 
z4qso__892 138.117323 -1.33312 1800 B  1657 999 999 
z4qso__893 136.899196 -2.79424 1800 B  1657 999 999 
z4qso__894 136.111786 -2.95708 1800 B  1657 999 999 
z4qso__895 137.409412 -3.15519 1800 B  1657 999 999 
z4qso__896 136.479074 -2.78392 1800 B  1657 999 999 
z4qso__897 138.953112 -2.17549 1800 B  1657 999 999 
z4qso__898 139.706643 -1.55753 1800 B  1657 999 999 
z4qso__899 139.028759 -2.83443 1800 B  1657 999 999 
z4qso__900 139.042260 -2.27904 1800 B  1657 999 999 
z4qso__901 138.597453 -1.23283 1800 B  1657 999 999 
z4qso__902 138.449353 -1.66045 1800 B  1657 999 999 
z4qso__903 138.782729 -1.88305 1800 B  1657 999 999 
z4qso__904 137.511269 -2.46976 1800 B  1657 999 999 
z4qso__905 138.202678 -1.42032 1800 B  1657 999 999 
z4qso__906 138.575053 -1.92818 1800 B  1657 999 999 
z4qso__907 141.295918 -1.32411 1800 B  1657 999 999 
z4qso__908 139.199219 -2.85199 1800 B  1657 999 999 
z4qso__909 139.840801 -2.44004 1800 B  1657 999 999 
z4qso__910 139.843936 -2.51534 1800 B  1657 999 999 
z4qso__911 177.355944 -2.58892 1800 B  1657 999 999 
z4qso__912 177.096423 -2.03523 1800 B  1657 999 999 
z4qso__913 176.551810 -1.55439 1800 B  1657 999 999 
z4qso__914 178.161279 -2.38835 1800 B  1657 999 999 
z4qso__915 177.059457 -1.22592 1800 B  1657 999 999 
z4qso__916 176.458225 -1.96403 1800 B  1657 999 999 
z4qso__917 175.814440 -1.73370 1800 B  1657 999 999 
z4qso__918 178.713521 -2.08598 1800 B  1657 999 999 
z4qso__919 179.908038 -1.23036 1800 B  1657 999 999 
z4qso__920 178.268424 -2.27737 1800 B  1657 999 999 
z4qso__921 177.691151 -2.57186 1800 B  1657 999 999 
z4qso__922 180.437094 -1.85776 1800 B  1657 999 999 
z4qso__923 179.045569 -2.24676 1800 B  1657 999 999 
z4qso__924 179.343352 -1.97122 1800 B  1657 999 999 
z4qso__925 178.898889 -0.84232 1800 B  1657 999 999 
z4qso__926 181.206274 -1.82940 1800 B  1657 999 999 
z4qso__927 182.631634 -2.24475 1800 B  1657 999 999 
z4qso__928 182.086001 -1.58141 1800 B  1657 999 999 
z4qso__929 182.300241 -1.65465 1800 B  1657 999 999 
z4qso__930 183.190357 -1.08495 1800 B  1657 999 999 
z4qso__931 182.743911 -1.95160 1800 B  1657 999 999 
z4qso__932 210.026068 -2.42002 1800 B  1657 999 999 
z4qso__933 210.338501 -0.96176 1800 B  1657 999 999 
z4qso__934 209.632651 -2.40097 1800 B  1657 999 999 
z4qso__935 209.226009 -1.99314 1800 B  1657 999 999 
z4qso__936 212.280229 -2.23431 1800 B  1657 999 999 
z4qso__937 212.479380 -2.20396 1800 B  1657 999 999 
z4qso__938 212.427096 -2.61112 1800 B  1657 999 999 
z4qso__939 211.797985 -1.35705 1800 B  1657 999 999 
z4qso__940 211.191729 -1.62949 1800 B  1657 999 999 
z4qso__941 210.700386 -2.75502 1800 B  1657 999 999 
z4qso__942 214.322420 -2.03827 1800 B  1657 999 999 
z4qso__943 213.805688 -1.74649 1800 B  1657 999 999 
z4qso__944 213.937747 -1.50870 1800 B  1657 999 999 
z4qso__945 213.135440 -1.51548 1800 B  1657 999 999 
z4qso__946 213.851135 -2.90829 1800 B  1657 999 999 
z4qso__947 213.107176 -1.86016 1800 B  1657 999 999 
z4qso__948 213.027269 -2.71034 1800 B  1657 999 999 
z4qso__949 213.149087 -1.80221 1800 B  1657 999 999 
z4qso__950 214.400652 -2.27907 1800 B  1657 999 999 
z4qso__951 214.033258 -0.73927 1800 B  1657 999 999 
z4qso__952 214.564700 -1.97865 1800 B  1657 999 999 
z4qso__953 214.233283 -1.93805 1800 B  1657 999 999 
z4qso__954 214.376332 -1.47508 1800 B  1657 999 999 
z4qso__955 216.907166 -0.86573 1800 B  1657 999 999 
z4qso__956 215.121147 -1.44178 1800 B  1657 999 999 
z4qso__957 215.264112 -2.65588 1800 B  1657 999 999 
z4qso__958 216.022891 -2.43873 1800 B  1657 999 999 
z4qso__959 215.397124 -0.94634 1800 B  1657 999 999 
z4qso__960 216.031399 -2.54203 1800 B  1657 999 999 
z4qso__961 217.320528 -2.62044 1800 B  1657 999 999 
z4qso__962 216.006076 -2.06648 1800 B  1657 999 999 
z4qso__963 219.201492 -1.90980 1800 B  1657 999 999 
z4qso__964 218.984352 -2.41954 1800 B  1657 999 999 
z4qso__965 219.736021 -2.24505 1800 B  1657 999 999 
z4qso__966 217.710633 -2.49832 1800 B  1657 999 999 
z4qso__967 220.353264 -2.51848 1800 B  1657 999 999 
z4qso__968 220.703363 -1.89708 1800 B  1657 999 999 
z4qso__969 218.966221 -2.64593 1800 B  1657 999 999 
z4qso__970 218.729534 -1.19746 1800 B  1657 999 999 
z4qso__971 221.487870 -2.38546 1800 B  1657 999 999 
z4qso__972 222.049478 -1.53663 1800 B  1657 999 999 
z4qso__973 221.416135 -3.37743 1800 B  1657 999 999 
z4qso__974 221.957342 -2.11070 1800 B  1657 999 999 
z4qso__975 224.371596 -2.49350 1800 B  1657 999 999 
z4qso__976 224.032665 -1.13856 1800 B  1657 999 999 
z4qso__977 222.016598 -1.85251 1800 B  1657 999 999 
z4qso__978 224.363999 -1.00576 1800 B  1657 999 999 
z4qso__979 224.477966 -2.71783 1800 B  1657 999 999 
z4qso__980 224.058530 -2.96396 1800 B  1657 999 999 
z4qso__981 223.991948 -2.15491 1800 B  1657 999 999 
z4qso__982 225.491176 -2.26280 1800 B  1657 999 999 
z4qso__983 225.516776 -1.38107 1800 B  1657 999 999 
z4qso__984 225.153021 -1.55461 1800 B  1657 999 999 
z4qso__985 223.581756 -2.81288 1800 B  1657 999 999 
z4qso__986 224.369699 -2.46477 1800 B  1657 999 999 
z4qso__987 330.256843 -2.13364 1800 B  1657 999 999 
z4qso__988 130.145278 -1.00391 1800 B  1657 999 999 
z4qso__989 127.855873 -0.51772 1800 B  1657 999 999 
z4qso__990 128.030751 -0.93665 1800 B  1657 999 999 
z4qso__991 131.626751 -0.52069 1800 B  1657 999 999 
z4qso__992 130.466131 -0.51830 1800 B  1657 999 999 
z4qso__993 130.578205 -0.85305 1800 B  1657 999 999 
z4qso__994 130.793667 -1.39621 1800 B  1657 999 999 
z4qso__995 130.258283 -0.00958 1800 B  1657 999 999 
z4qso__996 129.556132 0.17853 1800 B  1657 999 999 
z4qso__997 129.628309 -1.17775 1800 B  1657 999 999 
z4qso__998 130.277912 0.55906 1800 B  1657 999 999 
z4qso__999 129.671106 -0.23502 1800 B  1657 999 999 
z4qso__1000 132.051336 -1.24771 1800 B  1657 999 999 
z4qso__1001 131.744890 -1.46466 1800 B  1657 999 999 
z4qso__1002 131.876939 -0.39205 1800 B  1657 999 999 
z4qso__1003 131.221861 -1.68878 1800 B  1657 999 999 
z4qso__1004 133.954996 -1.80944 1800 B  1657 999 999 
z4qso__1005 133.054243 -1.36581 1800 B  1657 999 999 
z4qso__1006 133.346519 -1.99637 1800 B  1657 999 999 
z4qso__1007 136.499011 -0.77509 1800 B  1657 999 999 
z4qso__1008 135.956637 -1.77662 1800 B  1657 999 999 
z4qso__1009 134.100989 -1.08010 1800 B  1657 999 999 
z4qso__1010 134.424879 -1.57783 1800 B  1657 999 999 
z4qso__1011 135.347448 -0.60050 1800 B  1657 999 999 
z4qso__1012 134.509360 0.73099 1800 B  1657 999 999 
z4qso__1013 136.261242 -1.97392 1800 B  1657 999 999 
z4qso__1014 136.514662 -1.72992 1800 B  1657 999 999 
z4qso__1015 137.055690 -1.58064 1800 B  1657 999 999 
z4qso__1016 136.307764 -1.53239 1800 B  1657 999 999 
z4qso__1017 135.146984 0.03395 1800 B  1657 999 999 
z4qso__1018 135.566001 -0.65145 1800 B  1657 999 999 
z4qso__1019 138.693223 -1.76504 1800 B  1657 999 999 
z4qso__1020 139.057688 -0.37068 1800 B  1657 999 999 
z4qso__1021 138.590822 -1.46825 1800 B  1657 999 999 
z4qso__1022 138.154647 0.15436 1800 B  1657 999 999 
z4qso__1023 138.030153 -0.92089 1800 B  1657 999 999 
z4qso__1024 138.599809 -0.08193 1800 B  1657 999 999 
z4qso__1025 138.465085 0.03484 1800 B  1657 999 999 
z4qso__1026 138.189591 -0.74147 1800 B  1657 999 999 
z4qso__1027 139.111400 -1.01382 1800 B  1657 999 999 
z4qso__1028 141.029264 -1.49183 1800 B  1657 999 999 
z4qso__1029 142.218082 0.15705 1800 B  1657 999 999 
z4qso__1030 142.127886 -0.61110 1800 B  1657 999 999 
z4qso__1031 140.544426 -1.38458 1800 B  1657 999 999 
z4qso__1032 141.474427 -1.30507 1800 B  1657 999 999 
z4qso__1033 141.123055 0.00695 1800 B  1657 999 999 
z4qso__1034 139.897785 0.54327 1800 B  1657 999 999 
z4qso__1035 140.417193 -1.27276 1800 B  1657 999 999 
z4qso__1036 139.950216 0.53744 1800 B  1657 999 999 
z4qso__1037 177.344004 -2.09072 1800 B  1657 999 999 
z4qso__1038 177.450503 -0.94321 1800 B  1657 999 999 
z4qso__1039 177.149237 -1.12333 1800 B  1657 999 999 
z4qso__1040 177.422327 0.58833 1800 B  1657 999 999 
z4qso__1041 175.136556 -0.24451 1800 B  1657 999 999 
z4qso__1042 176.249686 -0.73018 1800 B  1657 999 999 
z4qso__1043 175.911319 -1.21447 1800 B  1657 999 999 
z4qso__1044 178.244981 -1.10208 1800 B  1657 999 999 
z4qso__1045 177.752379 -0.91700 1800 B  1657 999 999 
z4qso__1046 177.039747 -0.72649 1800 B  1657 999 999 
z4qso__1047 176.490613 -1.12018 1800 B  1657 999 999 
z4qso__1048 179.694439 -0.39925 1800 B  1657 999 999 
z4qso__1049 179.067969 -1.48633 1800 B  1657 999 999 
z4qso__1050 178.976585 -1.77325 1800 B  1657 999 999 
z4qso__1051 179.591769 -1.42657 1800 B  1657 999 999 
z4qso__1052 177.903176 -1.51254 1800 B  1657 999 999 
z4qso__1053 179.837670 -1.43501 1800 B  1657 999 999 
z4qso__1054 181.096077 -1.10784 1800 B  1657 999 999 
z4qso__1055 181.951962 -0.75518 1800 B  1657 999 999 
z4qso__1056 182.357861 -1.35485 1800 B  1657 999 999 
z4qso__1057 211.205688 -0.60814 1800 B  1657 999 999 
z4qso__1058 209.971742 -0.89081 1800 B  1657 999 999 
z4qso__1059 211.255406 -1.49612 1800 B  1657 999 999 
z4qso__1060 209.395358 -1.51843 1800 B  1657 999 999 
z4qso__1061 209.847740 -1.59458 1800 B  1657 999 999 
z4qso__1062 211.484852 -1.81910 1800 B  1657 999 999 
z4qso__1063 211.714316 -1.45001 1800 B  1657 999 999 
z4qso__1064 211.322818 0.74444 1800 B  1657 999 999 
z4qso__1065 214.330046 -0.25499 1800 B  1657 999 999 
z4qso__1066 212.886584 -1.32936 1800 B  1657 999 999 
z4qso__1067 213.601154 -0.72397 1800 B  1657 999 999 
z4qso__1068 212.128982 0.40411 1800 B  1657 999 999 
z4qso__1069 215.830106 -0.23645 1800 B  1657 999 999 
z4qso__1070 214.963191 -0.85558 1800 B  1657 999 999 
z4qso__1071 214.582452 0.14863 1800 B  1657 999 999 
z4qso__1072 217.313209 -1.61161 1800 B  1657 999 999 
z4qso__1073 216.549747 -0.46713 1800 B  1657 999 999 
z4qso__1074 216.766370 -0.96733 1800 B  1657 999 999 
z4qso__1075 217.551380 -1.45712 1800 B  1657 999 999 
z4qso__1076 218.705653 -0.77702 1800 B  1657 999 999 
z4qso__1077 217.496521 0.01168 1800 B  1657 999 999 
z4qso__1078 216.543324 -1.03005 1800 B  1657 999 999 
z4qso__1079 217.072006 -0.32006 1800 B  1657 999 999 
z4qso__1080 220.856843 -0.88391 1800 B  1657 999 999 
z4qso__1081 218.919049 0.31458 1800 B  1657 999 999 
z4qso__1082 219.495080 0.07733 1800 B  1657 999 999 
z4qso__1083 219.651098 -0.15950 1800 B  1657 999 999 
z4qso__1084 219.381511 -0.41374 1800 B  1657 999 999 
z4qso__1085 218.343378 -1.50233 1800 B  1657 999 999 
z4qso__1086 218.262472 -0.54749 1800 B  1657 999 999 
z4qso__1087 220.063460 -0.99816 1800 B  1657 999 999 
z4qso__1088 221.047707 -0.11210 1800 B  1657 999 999 
z4qso__1089 221.067928 -0.79932 1800 B  1657 999 999 
z4qso__1090 220.661424 0.07471 1800 B  1657 999 999 
z4qso__1091 220.317562 -2.44574 1800 B  1657 999 999 
z4qso__1092 222.519134 -0.98631 1800 B  1657 999 999 
z4qso__1093 223.479456 -0.43194 1800 B  1657 999 999 
z4qso__1094 223.215707 -1.88669 1800 B  1657 999 999 
z4qso__1095 224.175334 0.31810 1800 B  1657 999 999 
z4qso__1096 223.987224 0.18483 1800 B  1657 999 999 
z4qso__1097 223.277930 -0.31134 1800 B  1657 999 999 
z4qso__1098 226.218649 0.20237 1800 B  1657 999 999 
z4qso__1099 226.056799 -1.04320 1800 B  1657 999 999 
z4qso__1100 225.086459 -1.14538 1800 B  1657 999 999 
z4qso__1101 225.325449 -0.03414 1800 B  1657 999 999 
z4qso__1102 224.701417 -0.51310 1800 B  1657 999 999 
z4qso__1103 225.340702 -0.29422 1800 B  1657 999 999 
z4qso__1104 331.215024 -1.81195 1800 B  1657 999 999 
z4qso__1105 331.126195 -1.30020 1800 B  1657 999 999 
z4qso__1106 331.275713 -1.08982 1800 B  1657 999 999 
z4qso__1107 330.599283 -0.03829 1800 B  1657 999 999 
z4qso__1108 330.466011 -0.52803 1800 B  1657 999 999 
z4qso__1109 330.955121 -0.41074 1800 B  1657 999 999 
z4qso__1110 329.656254 0.55226 1800 B  1657 999 999 
z4qso__1111 329.378079 0.79989 1800 B  1657 999 999 
z4qso__1112 333.146421 -1.48496 1800 B  1657 999 999 
z4qso__1113 331.780490 -1.45737 1800 B  1657 999 999 
z4qso__1114 335.010873 -0.02588 1800 B  1657 999 999 
z4qso__1115 334.174745 -2.02986 1800 B  1657 999 999 
z4qso__1116 334.752262 -1.33827 1800 B  1657 999 999 
z4qso__1117 332.841339 -0.53086 1800 B  1657 999 999 
z4qso__1118 333.920588 -0.72902 1800 B  1657 999 999 
z4qso__1119 334.144695 0.23368 1800 B  1657 999 999 
z4qso__1120 333.164812 -0.45887 1800 B  1657 999 999 
z4qso__1121 334.195655 -0.50771 1800 B  1657 999 999 
z4qso__1122 333.244901 -0.89247 1800 B  1657 999 999 
z4qso__1123 333.028889 0.07479 1800 B  1657 999 999 
z4qso__1124 332.575350 -1.41894 1800 B  1657 999 999 
z4qso__1125 334.416098 -1.36783 1800 B  1657 999 999 
z4qso__1126 335.567973 -1.19564 1800 B  1657 999 999 
z4qso__1127 334.975736 -1.93516 1800 B  1657 999 999 
z4qso__1128 334.438999 -0.47441 1800 B  1657 999 999 
z4qso__1129 334.522530 -0.94484 1800 B  1657 999 999 
z4qso__1130 334.963315 -0.76663 1800 B  1657 999 999 
z4qso__1131 334.493195 -1.40560 1800 B  1657 999 999 
z4qso__1132 334.557271 -0.05818 1800 B  1657 999 999 
z4qso__1133 335.282968 -0.29820 1800 B  1657 999 999 
z4qso__1134 334.386034 -1.74481 1800 B  1657 999 999 
z4qso__1135 334.453385 -1.99604 1800 B  1657 999 999 
z4qso__1136 336.142386 0.79432 1800 B  1657 999 999 
z4qso__1137 335.272099 -0.35729 1800 B  1657 999 999 
z4qso__1138 336.652683 -0.56573 1800 B  1657 999 999 
z4qso__1139 337.316076 -0.02685 1800 B  1657 999 999 
z4qso__1140 338.287195 -1.65530 1800 B  1657 999 999 
z4qso__1141 341.747997 -1.19398 1800 B  1657 999 999 
z4qso__1142 340.099934 -1.17143 1800 B  1657 999 999 
z4qso__1143 339.728677 -0.99541 1800 B  1657 999 999 
z4qso__1144 339.690821 0.23641 1800 B  1657 999 999 
z4qso__1145 342.863426 -0.98797 1800 B  1657 999 999 
z4qso__1146 343.465398 -0.08674 1800 B  1657 999 999 
z4qso__1147 129.649829 2.14391 1800 B  1657 999 999 
z4qso__1148 128.925640 0.33103 1800 B  1657 999 999 
z4qso__1149 128.687347 0.40420 1800 B  1657 999 999 
z4qso__1150 129.081842 1.88566 1800 B  1657 999 999 
z4qso__1151 128.196696 -0.23867 1800 B  1657 999 999 
z4qso__1152 128.872590 0.62419 1800 B  1657 999 999 
z4qso__1153 128.886644 2.33414 1800 B  1657 999 999 
z4qso__1154 130.640260 0.95387 1800 B  1657 999 999 
z4qso__1155 132.630675 0.41824 1800 B  1657 999 999 
z4qso__1156 131.354278 0.45277 1800 B  1657 999 999 
z4qso__1157 133.241705 0.27716 1800 B  1657 999 999 
z4qso__1158 133.729733 0.86727 1800 B  1657 999 999 
z4qso__1159 133.271986 0.07924 1800 B  1657 999 999 
z4qso__1160 132.881242 1.15221 1800 B  1657 999 999 
z4qso__1161 133.319587 1.05352 1800 B  1657 999 999 
z4qso__1162 135.715201 0.69170 1800 B  1657 999 999 
z4qso__1163 135.294587 1.81417 1800 B  1657 999 999 
z4qso__1164 134.443501 1.08346 1800 B  1657 999 999 
z4qso__1165 135.238607 1.10594 1800 B  1657 999 999 
z4qso__1166 135.786130 0.52132 1800 B  1657 999 999 
z4qso__1167 135.491251 0.16497 1800 B  1657 999 999 
z4qso__1168 134.128125 0.99814 1800 B  1657 999 999 
z4qso__1169 135.200484 -0.21077 1800 B  1657 999 999 
z4qso__1170 135.916468 1.14138 1800 B  1657 999 999 
z4qso__1171 135.379625 0.82591 1800 B  1657 999 999 
z4qso__1172 135.697010 -0.34639 1800 B  1657 999 999 
z4qso__1173 135.273184 0.63105 1800 B  1657 999 999 
z4qso__1174 135.555435 1.41663 1800 B  1657 999 999 
z4qso__1175 137.305996 0.35556 1800 B  1657 999 999 
z4qso__1176 138.203068 2.24867 1800 B  1657 999 999 
z4qso__1177 137.190581 -0.34757 1800 B  1657 999 999 
z4qso__1178 140.202248 1.24685 1800 B  1657 999 999 
z4qso__1179 138.930371 -0.79572 1800 B  1657 999 999 
z4qso__1180 138.515886 0.99786 1800 B  1657 999 999 
z4qso__1181 138.106438 1.24928 1800 B  1657 999 999 
z4qso__1182 141.299619 -0.25942 1800 B  1657 999 999 
z4qso__1183 140.392450 0.10382 1800 B  1657 999 999 
z4qso__1184 140.878397 1.19352 1800 B  1657 999 999 
z4qso__1185 140.151431 0.32129 1800 B  1657 999 999 
z4qso__1186 140.922797 0.64958 1800 B  1657 999 999 
z4qso__1187 140.163115 0.81814 1800 B  1657 999 999 
z4qso__1188 140.927794 1.56388 1800 B  1657 999 999 
z4qso__1189 139.796074 0.22234 1800 B  1657 999 999 
z4qso__1190 140.310491 1.96434 1800 B  1657 999 999 
z4qso__1191 176.204899 1.65083 1800 B  1657 999 999 
z4qso__1192 175.422720 2.22585 1800 B  1657 999 999 
z4qso__1193 176.106825 -0.23466 1800 B  1657 999 999 
z4qso__1194 178.058051 -0.06167 1800 B  1657 999 999 
z4qso__1195 177.311751 -0.16244 1800 B  1657 999 999 
z4qso__1196 177.934891 0.48939 1800 B  1657 999 999 
z4qso__1197 178.367185 0.36243 1800 B  1657 999 999 
z4qso__1198 180.271957 1.22204 1800 B  1657 999 999 
z4qso__1199 180.090656 -0.02780 1800 B  1657 999 999 
z4qso__1200 179.593776 -0.10011 1800 B  1657 999 999 
z4qso__1201 180.763550 -0.30150 1800 B  1657 999 999 
z4qso__1202 180.621104 0.77217 1800 B  1657 999 999 
z4qso__1203 181.013780 1.65403 1800 B  1657 999 999 
z4qso__1204 179.281419 1.43845 1800 B  1657 999 999 
z4qso__1205 182.342402 1.25012 1800 B  1657 999 999 
z4qso__1206 183.641368 0.28616 1800 B  1657 999 999 
z4qso__1207 182.353908 0.93315 1800 B  1657 999 999 
z4qso__1208 182.594232 1.44491 1800 B  1657 999 999 
z4qso__1209 181.049032 0.99827 1800 B  1657 999 999 
z4qso__1210 182.435016 0.68395 1800 B  1657 999 999 
z4qso__1211 210.600449 0.97815 1800 B  1657 999 999 
z4qso__1212 209.481522 -0.10451 1800 B  1657 999 999 
z4qso__1213 209.837930 0.80649 1800 B  1657 999 999 
z4qso__1214 209.065019 0.68816 1800 B  1657 999 999 
z4qso__1215 211.041470 0.33375 1800 B  1657 999 999 
z4qso__1216 209.373684 1.18083 1800 B  1657 999 999 
z4qso__1217 209.241853 1.63226 1800 B  1657 999 999 
z4qso__1218 213.458282 0.45439 1800 B  1657 999 999 
z4qso__1219 214.494285 1.85761 1800 B  1657 999 999 
z4qso__1220 212.704983 0.65251 1800 B  1657 999 999 
z4qso__1221 213.534696 0.74904 1800 B  1657 999 999 
z4qso__1222 212.490395 -0.33547 1800 B  1657 999 999 
z4qso__1223 211.767084 0.59268 1800 B  1657 999 999 
z4qso__1224 213.109521 0.85734 1800 B  1657 999 999 
z4qso__1225 214.568306 0.70758 1800 B  1657 999 999 
z4qso__1226 217.433099 0.26360 1800 B  1657 999 999 
z4qso__1227 215.542765 -0.42528 1800 B  1657 999 999 
z4qso__1228 219.363892 -0.14401 1800 B  1657 999 999 
z4qso__1229 219.037471 0.93408 1800 B  1657 999 999 
z4qso__1230 219.149059 1.83952 1800 B  1657 999 999 
z4qso__1231 218.174607 2.24483 1800 B  1657 999 999 
z4qso__1232 218.419080 2.01591 1800 B  1657 999 999 
z4qso__1233 217.456415 0.79852 1800 B  1657 999 999 
z4qso__1234 217.363295 0.74187 1800 B  1657 999 999 
z4qso__1235 219.472770 0.63045 1800 B  1657 999 999 
z4qso__1236 218.371249 0.82335 1800 B  1657 999 999 
z4qso__1237 218.573089 0.37764 1800 B  1657 999 999 
z4qso__1238 219.152161 0.06887 1800 B  1657 999 999 
z4qso__1239 221.300856 0.88826 1800 B  1657 999 999 
z4qso__1240 221.022377 1.70024 1800 B  1657 999 999 
z4qso__1241 220.621554 1.85274 1800 B  1657 999 999 
z4qso__1242 223.697499 1.59084 1800 B  1657 999 999 
z4qso__1243 222.182050 -0.57669 1800 B  1657 999 999 
z4qso__1244 222.234861 -0.06172 1800 B  1657 999 999 
z4qso__1245 225.624069 0.62461 1800 B  1657 999 999 
z4qso__1246 225.706662 0.45001 1800 B  1657 999 999 
z4qso__1247 224.806191 1.14831 1800 B  1657 999 999 
z4qso__1248 224.936093 0.73483 1800 B  1657 999 999 
z4qso__1249 224.829007 1.09321 1800 B  1657 999 999 
z4qso__1250 226.506859 0.33779 1800 B  1657 999 999 
z4qso__1251 224.565735 1.39050 1800 B  1657 999 999 
z4qso__1252 226.045567 2.02236 1800 B  1657 999 999 
z4qso__1253 225.127397 1.79216 1800 B  1657 999 999 
z4qso__1254 224.678417 1.33932 1800 B  1657 999 999 
z4qso__1255 330.667388 0.63552 1800 B  1657 999 999 
z4qso__1256 330.871381 1.32496 1800 B  1657 999 999 
z4qso__1257 330.572414 1.99982 1800 B  1657 999 999 
z4qso__1258 331.011937 1.77117 1800 B  1657 999 999 
z4qso__1259 331.407673 -0.33053 1800 B  1657 999 999 
z4qso__1260 329.559105 1.86086 1800 B  1657 999 999 
z4qso__1261 332.062091 2.11291 1800 B  1657 999 999 
z4qso__1262 331.488330 1.81123 1800 B  1657 999 999 
z4qso__1263 330.716090 0.39198 1800 B  1657 999 999 
z4qso__1264 334.990784 0.32528 1800 B  1657 999 999 
z4qso__1265 334.020077 0.91734 1800 B  1657 999 999 
z4qso__1266 334.144795 1.08433 1800 B  1657 999 999 
z4qso__1267 334.634534 0.63660 1800 B  1657 999 999 
z4qso__1268 333.330197 0.32575 1800 B  1657 999 999 
z4qso__1269 332.433353 1.16748 1800 B  1657 999 999 
z4qso__1270 332.736551 0.43392 1800 B  1657 999 999 
z4qso__1271 333.888586 0.79169 1800 B  1657 999 999 
z4qso__1272 332.251911 1.51299 1800 B  1657 999 999 
z4qso__1273 333.360842 0.74702 1800 B  1657 999 999 
z4qso__1274 333.237722 0.51311 1800 B  1657 999 999 
z4qso__1275 336.161919 1.81262 1800 B  1657 999 999 
z4qso__1276 335.254285 1.77097 1800 B  1657 999 999 
z4qso__1277 335.534611 0.86794 1800 B  1657 999 999 
z4qso__1278 334.831459 0.38139 1800 B  1657 999 999 
z4qso__1279 335.227367 0.82477 1800 B  1657 999 999 
z4qso__1280 334.586572 1.37635 1800 B  1657 999 999 
z4qso__1281 334.555928 1.19519 1800 B  1657 999 999 
z4qso__1282 336.662003 0.64879 1800 B  1657 999 999 
z4qso__1283 337.702239 -0.11930 1800 B  1657 999 999 
z4qso__1284 336.731841 0.26167 1800 B  1657 999 999 
z4qso__1285 338.430082 0.18039 1800 B  1657 999 999 
z4qso__1286 337.523829 -0.03816 1800 B  1657 999 999 
z4qso__1287 337.603335 0.35000 1800 B  1657 999 999 
z4qso__1288 338.903325 1.45690 1800 B  1657 999 999 
z4qso__1289 337.383500 0.33408 1800 B  1657 999 999 
z4qso__1290 337.684098 0.80128 1800 B  1657 999 999 
z4qso__1291 337.038716 0.19710 1800 B  1657 999 999 
z4qso__1292 336.386408 0.37157 1800 B  1657 999 999 
z4qso__1293 338.133340 0.56441 1800 B  1657 999 999 
z4qso__1294 339.828040 1.14517 1800 B  1657 999 999 
z4qso__1295 339.392747 1.73135 1800 B  1657 999 999 
z4qso__1296 341.001859 -0.74237 1800 B  1657 999 999 
z4qso__1297 341.210802 1.33094 1800 B  1657 999 999 
z4qso__1298 343.613584 -0.09329 1800 B  1657 999 999 
z4qso__1299 344.309478 0.62494 1800 B  1657 999 999 
z4qso__1300 127.693325 2.16284 1800 B  1657 999 999 
z4qso__1301 128.281450 2.23685 1800 B  1657 999 999 
z4qso__1302 127.932809 1.41822 1800 B  1657 999 999 
z4qso__1303 128.348844 1.60220 1800 B  1657 999 999 
z4qso__1304 129.012965 1.39759 1800 B  1657 999 999 
z4qso__1305 128.413078 2.69144 1800 B  1657 999 999 
z4qso__1306 128.488468 1.96354 1800 B  1657 999 999 
z4qso__1307 129.039834 1.70236 1800 B  1657 999 999 
z4qso__1308 130.952810 2.59934 1800 B  1657 999 999 
z4qso__1309 134.000996 3.77690 1800 B  1657 999 999 
z4qso__1310 132.738818 1.74835 1800 B  1657 999 999 
z4qso__1311 132.271077 2.89975 1800 B  1657 999 999 
z4qso__1312 133.037788 1.22465 1800 B  1657 999 999 
z4qso__1313 133.266297 1.73149 1800 B  1657 999 999 
z4qso__1314 131.107673 1.58063 1800 B  1657 999 999 
z4qso__1315 134.068676 3.30338 1800 B  1657 999 999 
z4qso__1316 133.232909 1.06793 1800 B  1657 999 999 
z4qso__1317 133.618701 1.49729 1800 B  1657 999 999 
z4qso__1318 134.831147 2.50723 1800 B  1657 999 999 
z4qso__1319 133.772848 2.21976 1800 B  1657 999 999 
z4qso__1320 133.605655 2.37076 1800 B  1657 999 999 
z4qso__1321 134.473396 2.81123 1800 B  1657 999 999 
z4qso__1322 137.377584 2.38421 1800 B  1657 999 999 
z4qso__1323 139.911943 1.64892 1800 B  1657 999 999 
z4qso__1324 139.151840 1.09790 1800 B  1657 999 999 
z4qso__1325 139.085571 2.64389 1800 B  1657 999 999 
z4qso__1326 139.462826 1.16390 1800 B  1657 999 999 
z4qso__1327 142.314549 1.64692 1800 B  1657 999 999 
z4qso__1328 141.115092 1.91293 1800 B  1657 999 999 
z4qso__1329 141.216634 1.63443 1800 B  1657 999 999 
z4qso__1330 141.307161 2.88285 1800 B  1657 999 999 
z4qso__1331 142.187749 2.76168 1800 B  1657 999 999 
z4qso__1332 141.911419 1.89476 1800 B  1657 999 999 
z4qso__1333 142.186928 0.86623 1800 B  1657 999 999 
z4qso__1334 141.945826 2.83714 1800 B  1657 999 999 
z4qso__1335 141.198971 2.06561 1800 B  1657 999 999 
z4qso__1336 142.050639 3.03649 1800 B  1657 999 999 
z4qso__1337 140.338841 3.36935 1800 B  1657 999 999 
z4qso__1338 141.281489 0.80967 1800 B  1657 999 999 
z4qso__1339 140.017660 1.85414 1800 B  1657 999 999 
z4qso__1340 180.972964 1.54014 1800 B  1657 999 999 
z4qso__1341 183.036276 0.72360 1800 B  1657 999 999 
z4qso__1342 182.823636 1.57599 1800 B  1657 999 999 
z4qso__1343 180.776542 1.77631 1800 B  1657 999 999 
z4qso__1344 182.926459 0.79361 1800 B  1657 999 999 
z4qso__1345 182.312487 1.89107 1800 B  1657 999 999 
z4qso__1346 182.555368 1.63683 1800 B  1657 999 999 
z4qso__1347 213.166739 2.30591 1800 B  1657 999 999 
z4qso__1348 217.560676 1.47069 1800 B  1657 999 999 
z4qso__1349 216.243989 1.45835 1800 B  1657 999 999 
z4qso__1350 218.312417 2.85090 1800 B  1657 999 999 
z4qso__1351 219.361074 1.74419 1800 B  1657 999 999 
z4qso__1352 218.329284 1.79076 1800 B  1657 999 999 
z4qso__1353 217.712366 0.97127 1800 B  1657 999 999 
z4qso__1354 220.229547 2.49446 1800 B  1657 999 999 
z4qso__1355 221.202602 2.24586 1800 B  1657 999 999 
z4qso__1356 219.313007 2.11783 1800 B  1657 999 999 
z4qso__1357 220.367943 1.17894 1800 B  1657 999 999 
z4qso__1358 218.695700 1.97799 1800 B  1657 999 999 
z4qso__1359 218.883980 2.33719 1800 B  1657 999 999 
z4qso__1360 330.243627 3.30821 1800 B  1657 999 999 
z4qso__1361 331.173705 1.52660 1800 B  1657 999 999 
z4qso__1362 331.454363 2.26714 1800 B  1657 999 999 
z4qso__1363 329.644789 1.86571 1800 B  1657 999 999 
z4qso__1364 331.023640 3.49331 1800 B  1657 999 999 
z4qso__1365 330.316406 1.25696 1800 B  1657 999 999 
z4qso__1366 330.192464 2.25268 1800 B  1657 999 999 
z4qso__1367 331.197479 2.71147 1800 B  1657 999 999 
z4qso__1368 331.628219 3.29680 1800 B  1657 999 999 
z4qso__1369 334.322121 3.10148 1800 B  1657 999 999 
z4qso__1370 333.625461 2.92314 1800 B  1657 999 999 
z4qso__1371 335.676992 2.91786 1800 B  1657 999 999 
z4qso__1372 335.303543 2.26645 1800 B  1657 999 999 
z4qso__1373 334.050516 2.21677 1800 B  1657 999 999 
z4qso__1374 334.624599 2.11376 1800 B  1657 999 999 
z4qso__1375 334.841698 2.67688 1800 B  1657 999 999 
z4qso__1376 334.997994 2.02863 1800 B  1657 999 999 
z4qso__1377 334.420832 3.00660 1800 B  1657 999 999 
z4qso__1378 335.912158 1.81813 1800 B  1657 999 999 
z4qso__1379 336.413489 1.99276 1800 B  1657 999 999 
z4qso__1380 336.352163 2.06258 1800 B  1657 999 999 
z4qso__1381 334.965316 1.72362 1800 B  1657 999 999 
z4qso__1382 338.116152 2.25943 1800 B  1657 999 999 
z4qso__1383 338.112326 2.75607 1800 B  1657 999 999 
z4qso__1384 337.244458 2.06499 1800 B  1657 999 999 
z4qso__1385 337.592980 2.47311 1800 B  1657 999 999 
z4qso__1386 338.885585 0.59237 1800 B  1657 999 999 
z4qso__1387 337.940150 1.77447 1800 B  1657 999 999 
z4qso__1388 339.022420 2.14132 1800 B  1657 999 999 
z4qso__1389 338.976402 0.84519 1800 B  1657 999 999 
z4qso__1390 339.051631 1.89949 1800 B  1657 999 999 
z4qso__1391 340.764755 2.09760 1800 B  1657 999 999 
z4qso__1392 340.166923 2.67769 1800 B  1657 999 999 
z4qso__1393 339.596736 2.81600 1800 B  1657 999 999 
z4qso__1394 343.167036 2.07553 1800 B  1657 999 999 
z4qso__1395 131.956479 2.73606 1800 B  1657 999 999 
z4qso__1396 131.302975 3.77988 1800 B  1657 999 999 
z4qso__1397 135.633524 3.72137 1800 B  1657 999 999 
z4qso__1398 135.303277 4.13120 1800 B  1657 999 999 
z4qso__1399 136.813403 3.76371 1800 B  1657 999 999 
z4qso__1400 138.705430 3.16545 1800 B  1657 999 999 
z4qso__1401 138.681465 2.52649 1800 B  1657 999 999 
z4qso__1402 139.493926 3.51499 1800 B  1657 999 999 
z4qso__1403 138.476924 2.37071 1800 B  1657 999 999 
z4qso__1404 141.759101 3.21685 1800 B  1657 999 999 
z4qso__1405 329.955391 2.96089 1800 B  1657 999 999 
z4qso__1406 335.114683 2.07196 1800 B  1657 999 999 
z4qso__1407 136.876390 5.37228 1800 B  1657 999 999 
z4qso__1408 135.735355 5.21272 1800 B  1657 999 999 
z4qso__1409 135.656211 6.02686 1800 B  1657 999 999 
z4qso__1410 135.691339 3.70061 1800 B  1657 999 999 
z4qso__1411 135.568645 4.68978 1800 B  1657 999 999 
z4qso__1412 134.977349 5.60511 1800 B  1657 999 999 
z4qso__1413 134.961732 4.08392 1800 B  1657 999 999 
z4qso__1414 136.209236 4.79692 1800 B  1657 999 999 
z4qso__1415 138.664268 5.49091 1800 B  1657 999 999 
z4qso__1416 138.006881 4.46948 1800 B  1657 999 999 
z4qso__1417 139.352919 5.40255 1800 B  1657 999 999 
z4qso__1418 138.794266 4.73983 1800 B  1657 999 999 
z4qso__1419 141.316560 4.29193 1800 B  1657 999 999 
z4qso__1420 140.615110 6.16783 1800 B  1657 999 999 
z4qso__1421 139.678168 5.29337 1800 B  1657 999 999 
z4qso__1422 139.886833 4.51252 1800 B  1657 999 999 
z4qso__1423 140.872209 5.15076 1800 B  1657 999 999 
z4qso__1424 140.876761 5.68308 1800 B  1657 999 999 
z4qso__1425 141.827373 4.37865 1800 B  1657 999 999 
z4qso__1426 141.091173 5.27421 1800 B  1657 999 999 
z4qso__1427 140.477115 5.46644 1800 B  1657 999 999 
z4qso__1428 238.637107 42.59579 1800 B  1657 999 999 
z4qso__1429 236.387817 41.80267 1800 B  1657 999 999 
z4qso__1430 237.266688 42.50965 1800 B  1657 999 999 
z4qso__1431 237.578800 42.10854 1800 B  1657 999 999 
z4qso__1432 237.089027 42.40322 1800 B  1657 999 999 
z4qso__1433 236.505767 41.61245 1800 B  1657 999 999 
z4qso__1434 235.549334 42.64954 1800 B  1657 999 999 
z4qso__1435 239.950072 42.97802 1800 B  1657 999 999 
z4qso__1436 240.121263 41.64965 1800 B  1657 999 999 
z4qso__1437 239.429215 42.56695 1800 B  1657 999 999 
z4qso__1438 238.625714 41.28110 1800 B  1657 999 999 
z4qso__1439 238.596726 42.08341 1800 B  1657 999 999 
z4qso__1440 237.645653 42.38369 1800 B  1657 999 999 
z4qso__1441 240.416741 41.11400 1800 B  1657 999 999 
z4qso__1442 240.636199 43.17920 1800 B  1657 999 999 
z4qso__1443 240.649089 43.61095 1800 B  1657 999 999 
z4qso__1444 243.341813 41.43264 1800 B  1657 999 999 
z4qso__1445 243.549821 42.25512 1800 B  1657 999 999 
z4qso__1446 242.707486 41.67710 1800 B  1657 999 999 
z4qso__1447 242.502392 43.90331 1800 B  1657 999 999 
z4qso__1448 243.993207 42.01055 1800 B  1657 999 999 
z4qso__1449 243.130223 42.77783 1800 B  1657 999 999 
z4qso__1450 242.443280 43.68124 1800 B  1657 999 999 
z4qso__1451 246.411614 42.41613 1800 B  1657 999 999 
z4qso__1452 245.090434 42.59185 1800 B  1657 999 999 
z4qso__1453 244.929649 42.26386 1800 B  1657 999 999 
z4qso__1454 245.097048 41.51327 1800 B  1657 999 999 
z4qso__1455 245.727957 42.45969 1800 B  1657 999 999 
z4qso__1456 244.887053 42.02610 1800 B  1657 999 999 
z4qso__1457 245.557611 42.27029 1800 B  1657 999 999 
z4qso__1458 244.717923 42.18218 1800 B  1657 999 999 
z4qso__1459 244.577355 43.22222 1800 B  1657 999 999 
z4qso__1460 243.381616 42.67495 1800 B  1657 999 999 
z4qso__1461 248.376317 42.07317 1800 B  1657 999 999 
z4qso__1462 249.751262 42.09154 1800 B  1657 999 999 
z4qso__1463 249.794332 43.27817 1800 B  1657 999 999 
z4qso__1464 248.821744 43.33329 1800 B  1657 999 999 
z4qso__1465 248.658823 41.84363 1800 B  1657 999 999 
z4qso__1466 248.315764 43.92073 1800 B  1657 999 999 
z4qso__1467 237.486657 43.41280 1800 B  1657 999 999 
z4qso__1468 239.257802 42.90560 1800 B  1657 999 999 
z4qso__1469 238.423227 44.53952 1800 B  1657 999 999 
z4qso__1470 237.074389 44.46966 1800 B  1657 999 999 
z4qso__1471 237.898725 45.24529 1800 B  1657 999 999 
z4qso__1472 237.316794 45.08236 1800 B  1657 999 999 
z4qso__1473 240.190300 44.49228 1800 B  1657 999 999 
z4qso__1474 240.389786 43.18529 1800 B  1657 999 999 
z4qso__1475 240.986269 42.82120 1800 B  1657 999 999 
z4qso__1476 240.075351 43.27675 1800 B  1657 999 999 
z4qso__1477 239.611504 44.07855 1800 B  1657 999 999 
z4qso__1478 240.530151 42.74373 1800 B  1657 999 999 
z4qso__1479 239.427809 43.64491 1800 B  1657 999 999 
z4qso__1480 240.602979 43.54610 1800 B  1657 999 999 
z4qso__1481 240.606917 44.57948 1800 B  1657 999 999 
z4qso__1482 239.492279 43.61499 1800 B  1657 999 999 
z4qso__1483 242.668667 44.59297 1800 B  1657 999 999 
z4qso__1484 242.956841 42.75441 1800 B  1657 999 999 
z4qso__1485 241.227597 43.76464 1800 B  1657 999 999 
z4qso__1486 241.438864 44.22128 1800 B  1657 999 999 
z4qso__1487 240.710273 45.18767 1800 B  1657 999 999 
z4qso__1488 240.875787 44.11933 1800 B  1657 999 999 
z4qso__1489 244.253543 43.37917 1800 B  1657 999 999 
z4qso__1490 243.843786 44.95116 1800 B  1657 999 999 
z4qso__1491 244.120071 43.73182 1800 B  1657 999 999 
z4qso__1492 247.943161 44.00881 1800 B  1657 999 999 
z4qso__1493 246.754875 44.57626 1800 B  1657 999 999 
z4qso__1494 246.557995 45.24130 1800 B  1657 999 999 
z4qso__1495 247.100863 42.29533 1800 B  1657 999 999 
z4qso__1496 245.495278 44.45174 1800 B  1657 999 999 
z4qso__1497 245.775904 44.15937 1800 B  1657 999 999 
z4qso__1498 244.676864 42.67086 1800 B  1657 999 999 
z4qso__1499 244.878337 43.43241 1800 B  1657 999 999 
z4qso__1500 249.440775 42.61501 1800 B  1657 999 999 
z4qso__1501 248.228368 44.86626 1800 B  1657 999 999 
z4qso__1502 248.037575 44.90259 1800 B  1657 999 999 
z4qso__1503 247.798396 43.62442 1800 B  1657 999 999 
z4qso__1504 248.818459 44.99336 1800 B  1657 999 999 
z4qso__1505 248.184373 44.71456 1800 B  1657 999 999 
z4qso__1506 246.669963 43.62874 1800 B  1657 999 999 
z4qso__1507 244.099567 45.25287 1800 B  1657 999 999 
z4qso__1508 247.266799 45.22845 1800 B  1657 999 999 
z4qso__1509 246.688604 45.45143 1800 B  1657 999 999 
z4qso__1510 214.752893 52.02931 1800 B  1657 999 999 
z4qso__1511 215.185831 50.85687 1800 B  1657 999 999 
z4qso__1512 214.718753 51.09236 1800 B  1657 999 999 
z4qso__1513 213.597362 53.49610 1800 B  1657 999 999 
z4qso__1514 214.480813 53.81353 1800 B  1657 999 999 
z4qso__1515 214.932530 52.46908 1800 B  1657 999 999 
z4qso__1516 27.995273 -5.41922 1800 B  1657 999 999 
z4qso__1517 29.830383 -6.60715 1800 B  1657 999 999 
z4qso__1518 29.222048 -5.25738 1800 B  1657 999 999 
z4qso__1519 32.944286 -6.29864 1800 B  1657 999 999 
z4qso__1520 34.325952 -7.05985 1800 B  1657 999 999 
z4qso__1521 36.650002 -6.89959 1800 B  1657 999 999 
z4qso__1522 35.104013 -5.79296 1800 B  1657 999 999 
z4qso__1523 38.364793 -6.80727 1800 B  1657 999 999 
z4qso__1524 40.171139 -6.92862 1800 B  1657 999 999 
z4qso__1525 28.564489 -5.09998 1800 B  1657 999 999 
z4qso__1526 35.879879 -5.54865 1800 B  1657 999 999 
z4qso__1527 36.067932 -4.59427 1800 B  1657 999 999 
z4qso__1528 29.657950 -4.74722 1800 B  1657 999 999 
z4qso__1529 29.163381 -3.76729 1800 B  1657 999 999 
z4qso__1530 30.195207 -4.90804 1800 B  1657 999 999 
z4qso__1531 30.189710 -3.71227 1800 B  1657 999 999 
z4qso__1532 29.116963 -3.47264 1800 B  1657 999 999 
z4qso__1533 39.724021 -4.27510 1800 B  1657 999 999 
z4qso__1534 33.421162 -1.49192 1800 B  1657 999 999 
z4qso__1535 33.385127 -1.07943 1800 B  1657 999 999 
z4qso__1536 35.686185 -2.81373 1800 B  1657 999 999 
z4qso__1537 38.024662 -1.15309 1800 B  1657 999 999 
z4qso__1538 38.328133 -2.04603 1800 B  1657 999 999 
z4qso__1539 38.418097 -2.20820 1800 B  1657 999 999 
z4qso__1540 140.035139 -1.98690 1800 B  1657 999 999 
z4qso__1541 177.167349 -2.77756 1800 B  1657 999 999 
z4qso__1542 176.139263 -1.06416 1800 B  1657 999 999 
z4qso__1543 178.398518 -2.88149 1800 B  1657 999 999 
z4qso__1544 178.488888 -1.24977 1800 B  1657 999 999 
z4qso__1545 180.613204 -1.82917 1800 B  1657 999 999 
z4qso__1546 182.182271 -2.13144 1800 B  1657 999 999 
z4qso__1547 181.579785 -1.22107 1800 B  1657 999 999 
z4qso__1548 182.175275 -0.75992 1800 B  1657 999 999 
z4qso__1549 211.932129 -1.05013 1800 B  1657 999 999 
z4qso__1550 210.840177 -1.10690 1800 B  1657 999 999 
z4qso__1551 214.037746 -1.10708 1800 B  1657 999 999 
z4qso__1552 216.194977 -1.61392 1800 B  1657 999 999 
z4qso__1553 219.671132 -2.59591 1800 B  1657 999 999 
z4qso__1554 217.427077 -2.60074 1800 B  1657 999 999 
z4qso__1555 219.618741 -1.00691 1800 B  1657 999 999 
z4qso__1556 222.685466 -2.47338 1800 B  1657 999 999 
z4qso__1557 221.598979 -1.58027 1800 B  1657 999 999 
z4qso__1558 224.521766 -2.46585 1800 B  1657 999 999 
z4qso__1559 223.476605 -2.56196 1800 B  1657 999 999 
z4qso__1560 225.987077 -2.01851 1800 B  1657 999 999 
z4qso__1561 224.656266 -0.76287 1800 B  1657 999 999 
z4qso__1562 224.207352 -1.32675 1800 B  1657 999 999 
z4qso__1563 224.475671 -1.59455 1800 B  1657 999 999 
z4qso__1564 224.472528 -2.82453 1800 B  1657 999 999 
z4qso__1565 140.706478 0.14453 1800 B  1657 999 999 
z4qso__1566 176.011432 -1.41362 1800 B  1657 999 999 
z4qso__1567 183.061987 -1.05297 1800 B  1657 999 999 
z4qso__1568 210.518860 -1.29013 1800 B  1657 999 999 
z4qso__1569 213.765050 -0.55987 1800 B  1657 999 999 
z4qso__1570 216.928008 0.23226 1800 B  1657 999 999 
z4qso__1571 221.161707 -1.66393 1800 B  1657 999 999 
z4qso__1572 224.822729 -0.20217 1800 B  1657 999 999 
z4qso__1573 226.146613 -2.27959 1800 B  1657 999 999 
z4qso__1574 225.440164 -0.52805 1800 B  1657 999 999 
z4qso__1575 331.514531 -1.32502 1800 B  1657 999 999 
z4qso__1576 329.695280 -1.15491 1800 B  1657 999 999 
z4qso__1577 333.372932 -2.13228 1800 B  1657 999 999 
z4qso__1578 333.082499 -1.85909 1800 B  1657 999 999 
z4qso__1579 334.254489 -1.74433 1800 B  1657 999 999 
z4qso__1580 333.694995 -0.30446 1800 B  1657 999 999 
z4qso__1581 333.827403 -1.81048 1800 B  1657 999 999 
z4qso__1582 334.584719 -0.24569 1800 B  1657 999 999 
z4qso__1583 334.806072 -0.82265 1800 B  1657 999 999 
z4qso__1584 333.614744 -1.76821 1800 B  1657 999 999 
z4qso__1585 335.903010 -0.28226 1800 B  1657 999 999 
z4qso__1586 335.477997 -0.26134 1800 B  1657 999 999 
z4qso__1587 335.398903 -0.61292 1800 B  1657 999 999 
z4qso__1588 339.283017 -1.63294 1800 B  1657 999 999 
z4qso__1589 336.550852 -1.95566 1800 B  1657 999 999 
z4qso__1590 341.223738 -1.26606 1800 B  1657 999 999 
z4qso__1591 339.226426 -0.73078 1800 B  1657 999 999 
z4qso__1592 344.323182 -0.08449 1800 B  1657 999 999 
z4qso__1593 343.248069 -0.56074 1800 B  1657 999 999 
z4qso__1594 129.000536 -0.81122 1800 B  1657 999 999 
z4qso__1595 129.251042 -0.02650 1800 B  1657 999 999 
z4qso__1596 140.452494 0.77553 1800 B  1657 999 999 
z4qso__1597 140.656990 0.39703 1800 B  1657 999 999 
z4qso__1598 140.528972 1.20663 1800 B  1657 999 999 
z4qso__1599 140.076101 0.81881 1800 B  1657 999 999 
z4qso__1600 176.376316 -0.89066 1800 B  1657 999 999 
z4qso__1601 211.636134 1.03925 1800 B  1657 999 999 
z4qso__1602 211.370576 1.38055 1800 B  1657 999 999 
z4qso__1603 211.861858 2.19639 1800 B  1657 999 999 
z4qso__1604 217.507836 0.83042 1800 B  1657 999 999 
z4qso__1605 221.018279 0.05649 1800 B  1657 999 999 
z4qso__1606 223.709775 1.78456 1800 B  1657 999 999 
z4qso__1607 226.208227 0.74601 1800 B  1657 999 999 
z4qso__1608 226.102429 0.40994 1800 B  1657 999 999 
z4qso__1609 224.835371 1.11091 1800 B  1657 999 999 
z4qso__1610 330.397783 2.09439 1800 B  1657 999 999 
z4qso__1611 334.552571 0.15392 1800 B  1657 999 999 
z4qso__1612 334.479206 0.80737 1800 B  1657 999 999 
z4qso__1613 337.591195 1.77588 1800 B  1657 999 999 
z4qso__1614 339.534485 0.19825 1800 B  1657 999 999 
z4qso__1615 341.166689 -0.42545 1800 B  1657 999 999 
z4qso__1616 340.287796 0.67488 1800 B  1657 999 999 
z4qso__1617 341.484220 0.03616 1800 B  1657 999 999 
z4qso__1618 129.067093 2.17158 1800 B  1657 999 999 
z4qso__1619 128.741955 2.90397 1800 B  1657 999 999 
z4qso__1620 132.847226 1.81128 1800 B  1657 999 999 
z4qso__1621 134.604897 3.19103 1800 B  1657 999 999 
z4qso__1622 140.968228 1.55835 1800 B  1657 999 999 
z4qso__1623 138.786996 2.33657 1800 B  1657 999 999 
z4qso__1624 141.552336 1.82539 1800 B  1657 999 999 
z4qso__1625 141.814271 1.64111 1800 B  1657 999 999 
z4qso__1626 180.567407 1.20536 1800 B  1657 999 999 
z4qso__1627 181.173203 2.10876 1800 B  1657 999 999 
z4qso__1628 182.126864 2.52987 1800 B  1657 999 999 
z4qso__1629 213.617207 1.86259 1800 B  1657 999 999 
z4qso__1630 216.193713 1.28074 1800 B  1657 999 999 
z4qso__1631 216.290678 1.42337 1800 B  1657 999 999 
z4qso__1632 219.325236 2.06991 1800 B  1657 999 999 
z4qso__1633 331.566669 2.62927 1800 B  1657 999 999 
z4qso__1634 333.059117 1.96196 1800 B  1657 999 999 
z4qso__1635 335.354827 1.70826 1800 B  1657 999 999 
z4qso__1636 334.702119 2.58560 1800 B  1657 999 999 
z4qso__1637 336.534619 2.06433 1800 B  1657 999 999 
z4qso__1638 336.862245 2.00380 1800 B  1657 999 999 
z4qso__1639 338.810884 2.04036 1800 B  1657 999 999 
z4qso__1640 337.700851 2.19209 1800 B  1657 999 999 
z4qso__1641 338.080082 2.08680 1800 B  1657 999 999 
z4qso__1642 336.759372 2.66312 1800 B  1657 999 999 
z4qso__1643 338.873354 2.79906 1800 B  1657 999 999 
z4qso__1644 342.746167 1.68479 1800 B  1657 999 999 
z4qso__1645 340.804183 1.90687 1800 B  1657 999 999 
z4qso__1646 140.014884 3.38762 1800 B  1657 999 999 
z4qso__1647 337.055396 2.51739 1800 B  1657 999 999 
z4qso__1648 139.692561 5.58353 1800 B  1657 999 999 
z4qso__1649 139.371168 5.24372 1800 B  1657 999 999 
z4qso__1650 138.552370 4.77917 1800 B  1657 999 999 
z4qso__1651 140.607691 5.48152 1800 B  1657 999 999 
z4qso__1652 141.627772 6.19704 1800 B  1657 999 999 
z4qso__1653 141.247018 4.10218 1800 B  1657 999 999 
z4qso__1654 239.092008 41.17078 1800 B  1657 999 999 
z4qso__1655 239.106075 44.97646 1800 B  1657 999 999 
z4qso__1656 212.699970 52.04201 1800 B  1657 999 999 
