rand3_1	196.69364729462407	78.33238034756071	3600	A	1000	999	999
rand3_2	185.52507869973007	0.7064535959545886	3600	A	1000	999	999
rand3_3	112.95393689711594	50.76919348256615	3600	A	1000	999	999
rand3_4	125.33594114379505	18.717419536566133	3600	A	1000	999	999
rand3_5	199.21481079279368	39.243563386271965	3600	A	1000	999	999
rand3_6	184.9224119937597	-8.768979669981738	3600	A	1000	999	999
rand3_7	238.25786193211982	56.30077131225882	3600	A	1000	999	999
rand3_8	97.66255442941741	55.7468119178279	3600	A	1000	999	999
rand3_9	219.193141082518	50.66402241183468	3600	A	1000	999	999
rand3_10	21.270430623523335	4.389169164492607	3600	A	1000	999	999
rand3_11	49.44701685730343	22.41656731321087	3600	A	1000	999	999
rand3_12	36.49262733028142	52.345554422819106	3600	A	1000	999	999
rand3_13	7.552859890283012	0.5047344628299228	3600	A	1000	999	999
rand3_14	204.30458618683969	48.130983088453675	3600	A	1000	999	999
rand3_15	155.9110990500973	-8.198331338125524	3600	A	1000	999	999
rand3_16	237.48267696638834	78.35261226770899	3600	A	1000	999	999
rand3_17	93.46832799942835	34.81542873586269	3600	A	1000	999	999
rand3_18	44.72098562852416	71.21055056195603	3600	A	1000	999	999
rand3_19	25.675097978454644	69.89194231817648	3600	A	1000	999	999
rand3_20	84.79059199460286	40.278385330291286	3600	A	1000	999	999
rand3_21	67.26262552554316	49.02951727357501	3600	A	1000	999	999
rand3_22	104.95518428147233	51.82590257464469	3600	A	1000	999	999
rand3_23	61.930371821335804	48.92439270953942	3600	A	1000	999	999
rand3_24	81.16485552780327	76.63648672669997	3600	A	1000	999	999
rand3_25	272.6896161549677	-10.323036808339351	3600	A	1000	999	999
rand3_26	332.10691394235397	31.175124137197706	3600	A	1000	999	999
rand3_27	33.64873460930416	53.86289537764442	3600	A	1000	999	999
rand3_28	105.51944661332963	-2.777886576369365	3600	A	1000	999	999
rand3_29	325.5169491038408	44.79063374516623	3600	A	1000	999	999
rand3_30	202.53568639030303	-5.55945544849526	3600	A	1000	999	999
rand3_31	20.673185278447527	-1.5648788567619896	3600	A	1000	999	999
rand3_32	160.45743935334335	20.41830981345462	3600	A	1000	999	999
rand3_33	41.474371077578986	7.596738172816604	3600	A	1000	999	999
rand3_34	311.91330019422554	1.41415375549861	3600	A	1000	999	999
rand3_35	319.32546692800383	47.970545787127556	3600	A	1000	999	999
rand3_36	341.42841790663454	44.922686636736444	3600	A	1000	999	999
rand3_37	161.77895660811578	37.70485818280847	3600	A	1000	999	999
rand3_38	259.83205985040894	55.70238504740681	3600	A	1000	999	999
rand3_39	129.601210783601	-3.9803780903775383	3600	A	1000	999	999
rand3_40	279.61404283438935	51.15583739515935	3600	A	1000	999	999
rand3_41	264.7378214547434	4.657848557345183	3600	A	1000	999	999
rand3_42	236.34933977915892	71.6460130001903	3600	A	1000	999	999
rand3_43	43.43137775354388	67.6655700031403	3600	A	1000	999	999
rand3_44	323.18194352015706	33.3372292588476	3600	A	1000	999	999
rand3_45	352.9140528573307	35.51870517959855	3600	A	1000	999	999
rand3_46	349.7246681565315	40.078839466092916	3600	A	1000	999	999
rand3_47	66.29916823466937	71.9351174514398	3600	A	1000	999	999
rand3_48	135.4867565215051	24.54396155411999	3600	A	1000	999	999
rand3_49	118.03214534636453	17.870238877684912	3600	A	1000	999	999
rand3_50	169.99167648117714	67.20830736522467	3600	A	1000	999	999
rand3_51	230.3518429019668	34.683334481200525	3600	A	1000	999	999
rand3_52	84.00839620828602	37.754526029685984	3600	A	1000	999	999
rand3_53	139.29837933204746	-1.7896887857388357	3600	A	1000	999	999
rand3_54	89.73264338744556	22.931646130794263	3600	A	1000	999	999
rand3_55	90.99148306861684	-1.327643373821445	3600	A	1000	999	999
rand3_56	250.20584366898174	-1.1824428320336704	3600	A	1000	999	999
rand3_57	16.444586298494087	67.28196603446625	3600	A	1000	999	999
rand3_58	205.6630689657836	36.734186487523694	3600	A	1000	999	999
rand3_59	60.28181244351161	38.12992441601584	3600	A	1000	999	999
rand3_60	197.3358864355493	70.3477935289729	3600	A	1000	999	999
rand3_61	80.88781799147037	-0.12017881286967835	3600	A	1000	999	999
rand3_62	243.93950610696075	63.44134417849155	3600	A	1000	999	999
rand3_63	65.60420748344056	3.0234972544347123	3600	A	1000	999	999
rand3_64	152.89781206533573	18.636553444673204	3600	A	1000	999	999
rand3_65	148.97993238745178	24.824039034272623	3600	A	1000	999	999
rand3_66	30.07433949847583	39.96433883848389	3600	A	1000	999	999
rand3_67	92.9976236821242	11.100372670025735	3600	A	1000	999	999
rand3_68	329.617536664843	26.90557757643211	3600	A	1000	999	999
rand3_69	27.363375955984708	2.940523513846749	3600	A	1000	999	999
rand3_70	60.429796673144935	27.191515889566233	3600	A	1000	999	999
rand3_71	353.39852769864666	26.30780265395108	3600	A	1000	999	999
rand3_72	151.28784961196038	31.561018622136075	3600	A	1000	999	999
rand3_73	61.03322582646881	44.38202666431924	3600	A	1000	999	999
rand3_74	216.80697945581733	-7.985368696541809	3600	A	1000	999	999
rand3_75	306.23951138867665	53.56476455279133	3600	A	1000	999	999
rand3_76	356.39240335600306	-9.785686665790063	3600	A	1000	999	999
rand3_77	99.85841231072244	1.7701383027893982	3600	A	1000	999	999
rand3_78	184.32109567993618	21.331432636223006	3600	A	1000	999	999
rand3_79	326.8620311738727	-8.88477381763241	3600	A	1000	999	999
rand3_80	202.6123112648874	64.2717713571614	3600	A	1000	999	999
rand3_81	87.12524845480033	-6.291126027607698	3600	A	1000	999	999
rand3_82	236.4381317936164	1.5989555397266564	3600	A	1000	999	999
rand3_83	313.1472203152945	32.515127798896415	3600	A	1000	999	999
rand3_84	187.78253352416755	-6.5465563772123225	3600	A	1000	999	999
rand3_85	240.19194383446057	69.92242026958709	3600	A	1000	999	999
rand3_86	59.637316811066626	71.66406511134967	3600	A	1000	999	999
rand3_87	59.77687326886566	36.90761624438284	3600	A	1000	999	999
rand3_88	194.7049498206528	45.22132087457995	3600	A	1000	999	999
rand3_89	258.4434015822722	28.73453799046254	3600	A	1000	999	999
rand3_90	124.42796203886753	64.6006614686272	3600	A	1000	999	999
rand3_91	167.70588954869396	7.3651007211575426	3600	A	1000	999	999
rand3_92	269.7977411740833	12.812935202926042	3600	A	1000	999	999
rand3_93	145.57067987989873	5.225232315115367	3600	A	1000	999	999
rand3_94	253.56915889794035	49.31722202344639	3600	A	1000	999	999
rand3_95	320.4039477632677	15.094729547784386	3600	A	1000	999	999
rand3_96	17.74600776813221	77.83661369333892	3600	A	1000	999	999
rand3_97	141.10028819263738	50.20390822827993	3600	A	1000	999	999
rand3_98	208.46901238224464	31.079131430775163	3600	A	1000	999	999
rand3_99	115.86442552713922	44.32474025911069	3600	A	1000	999	999
rand3_100	256.73858028933756	-2.9385289715899994	3600	A	1000	999	999
rand3_101	95.55035677084925	38.44367540133405	3600	A	1000	999	999
rand3_102	235.98142986760303	76.4502914640218	3600	A	1000	999	999
rand3_103	34.19807904125084	-0.8622388133488244	3600	A	1000	999	999
rand3_104	67.8051684467764	26.545175199946563	3600	A	1000	999	999
rand3_105	302.91124553388715	37.66225821403763	3600	A	1000	999	999
rand3_106	19.434840165325088	5.927101873059801	3600	A	1000	999	999
rand3_107	281.37082175302174	-0.4048418181687037	3600	A	1000	999	999
rand3_108	138.43016436703408	74.92270203358748	3600	A	1000	999	999
rand3_109	39.546629347178175	19.77265833118596	3600	A	1000	999	999
rand3_110	349.001680417999	28.593539471112862	3600	A	1000	999	999
rand3_111	12.145496680426495	66.24464414510541	3600	A	1000	999	999
rand3_112	154.10822495782773	32.45212366885649	3600	A	1000	999	999
rand3_113	95.56071245850525	45.68915776552699	3600	A	1000	999	999
rand3_114	270.71149327492304	-1.4173352997722937	3600	A	1000	999	999
rand3_115	358.81324187262237	-2.3145267968304193	3600	A	1000	999	999
rand3_116	288.18967257960924	60.15585678452274	3600	A	1000	999	999
rand3_117	205.72558833358767	38.887737900451896	3600	A	1000	999	999
rand3_118	142.55415134549926	75.27653510049063	3600	A	1000	999	999
rand3_119	209.51032076875487	69.51432853503665	3600	A	1000	999	999
rand3_120	224.20704911830018	60.45349556893123	3600	A	1000	999	999
rand3_121	40.96278203628018	0.6319611889723458	3600	A	1000	999	999
rand3_122	202.5120133975527	33.73027458782953	3600	A	1000	999	999
rand3_123	19.76610992985861	54.847595329554025	3600	A	1000	999	999
rand3_124	13.765943083714891	17.31135335455101	3600	A	1000	999	999
rand3_125	217.42711378580753	36.787489264375225	3600	A	1000	999	999
rand3_126	176.85137193777135	14.791968403536554	3600	A	1000	999	999
rand3_127	266.40755174794765	57.85623030374197	3600	A	1000	999	999
rand3_128	108.11951836453837	-5.326391610313923	3600	A	1000	999	999
rand3_129	326.04508280740924	11.027306082757597	3600	A	1000	999	999
rand3_130	102.14563260914598	30.217008372701038	3600	A	1000	999	999
rand3_131	248.47449192646843	78.46200352197654	3600	A	1000	999	999
rand3_132	107.2249456711898	13.5750330999699	3600	A	1000	999	999
rand3_133	203.20269289284386	23.05113456200222	3600	A	1000	999	999
rand3_134	350.4426470443683	78.29293617671466	3600	A	1000	999	999
rand3_135	53.09910937893341	-11.209739967580997	3600	A	1000	999	999
rand3_136	184.19541776276716	12.130388459389629	3600	A	1000	999	999
rand3_137	213.05026491384712	-9.840213031727629	3600	A	1000	999	999
rand3_138	333.6427999552933	13.398697473733304	3600	A	1000	999	999
rand3_139	32.631512701751994	75.79356731455354	3600	A	1000	999	999
rand3_140	195.0084570266042	41.90229474869667	3600	A	1000	999	999
rand3_141	312.6820280308737	71.06420877878612	3600	A	1000	999	999
rand3_142	54.32804592734844	78.64249889331926	3600	A	1000	999	999
rand3_143	222.41053292767265	66.57222028886564	3600	A	1000	999	999
rand3_144	83.92377485694828	-10.656012531388878	3600	A	1000	999	999
rand3_145	42.53675161038877	60.68425586330726	3600	A	1000	999	999
rand3_146	281.39484274652807	74.61583392323861	3600	A	1000	999	999
rand3_147	273.0984277937874	42.46783715007729	3600	A	1000	999	999
rand3_148	169.34688246670802	-7.074553597410501	3600	A	1000	999	999
rand3_149	253.30262776998566	44.43956042007546	3600	A	1000	999	999
rand3_150	27.55857726365108	6.8383919500768116	3600	A	1000	999	999
rand3_151	163.97297838000995	27.69825810459195	3600	A	1000	999	999
rand3_152	212.35553828223684	3.66876594406947	3600	A	1000	999	999
rand3_153	90.42457411374457	-0.6498188866852281	3600	A	1000	999	999
rand3_154	233.01625608216335	43.18542838889268	3600	A	1000	999	999
rand3_155	143.94516839305683	2.3949860405064882	3600	A	1000	999	999
rand3_156	95.56676286066185	78.98027721027677	3600	A	1000	999	999
rand3_157	27.907047972774205	32.15311088833645	3600	A	1000	999	999
rand3_158	60.15141484196779	19.105546553086512	3600	A	1000	999	999
rand3_159	234.32338926527086	35.41288669141133	3600	A	1000	999	999
rand3_160	239.06838225405116	-8.746487529534487	3600	A	1000	999	999
rand3_161	301.13930853285933	-11.268664335592247	3600	A	1000	999	999
rand3_162	142.45282220050154	17.68886961127609	3600	A	1000	999	999
rand3_163	318.8568640491161	77.8903448515877	3600	A	1000	999	999
rand3_164	101.52325697631657	75.51660807571673	3600	A	1000	999	999
rand3_165	81.03688063863193	45.16810723751246	3600	A	1000	999	999
rand3_166	66.59946108792613	2.9354016691128777	3600	A	1000	999	999
rand3_167	204.00159035402987	59.7728434118102	3600	A	1000	999	999
rand3_168	349.4935755536918	40.53429709613145	3600	A	1000	999	999
rand3_169	205.00065495286003	55.16587101807012	3600	A	1000	999	999
rand3_170	131.27460964263818	-7.801806042902929	3600	A	1000	999	999
rand3_171	147.47276847945085	59.549270735883354	3600	A	1000	999	999
rand3_172	163.48553516541398	44.521885706028215	3600	A	1000	999	999
rand3_173	288.1664692455743	35.576929800961906	3600	A	1000	999	999
rand3_174	356.7556747913742	23.90957842444456	3600	A	1000	999	999
rand3_175	40.2674819943	23.004962964956583	3600	A	1000	999	999
rand3_176	179.50826969188387	44.68925700941528	3600	A	1000	999	999
rand3_177	335.14071785904974	27.57871792148582	3600	A	1000	999	999
rand3_178	284.58558059908046	-5.205575182977631	3600	A	1000	999	999
rand3_179	290.47600418114894	39.44757505478391	3600	A	1000	999	999
rand3_180	47.10413027286645	66.88932450315248	3600	A	1000	999	999
rand3_181	66.2861010002807	17.24518068020086	3600	A	1000	999	999
rand3_182	183.1934783263128	42.908727689958575	3600	A	1000	999	999
rand3_183	292.05348937977527	12.216284542235268	3600	A	1000	999	999
rand3_184	249.3925090891748	36.31895544528789	3600	A	1000	999	999
rand3_185	200.08016535007945	69.5976444493498	3600	A	1000	999	999
rand3_186	178.9918330739628	45.740819811595046	3600	A	1000	999	999
rand3_187	315.5199582182181	13.494896217026188	3600	A	1000	999	999
rand3_188	338.1474580735795	22.784921265214344	3600	A	1000	999	999
rand3_189	185.35989001284057	-14.581155311322222	3600	A	1000	999	999
rand3_190	225.80510231067225	-11.723286575903304	3600	A	1000	999	999
rand3_191	237.50174940532833	10.957587016953287	3600	A	1000	999	999
rand3_192	18.120969135035505	13.947154187916546	3600	A	1000	999	999
rand3_193	156.09941095881692	41.094500751312005	3600	A	1000	999	999
rand3_194	134.2893906221909	60.01848035264764	3600	A	1000	999	999
rand3_195	189.3301068949183	-6.268492907104189	3600	A	1000	999	999
rand3_196	128.50621668572938	35.214814652611004	3600	A	1000	999	999
rand3_197	259.23815085897485	41.6735498093954	3600	A	1000	999	999
rand3_198	206.13550637714192	21.00708204243427	3600	A	1000	999	999
rand3_199	195.93582305919853	38.53581269925714	3600	A	1000	999	999
rand3_200	30.894213088733533	33.35546935629876	3600	A	1000	999	999
rand3_201	290.18942217860473	72.25219040255466	3600	A	1000	999	999
rand3_202	240.82913536031094	17.131103973145528	3600	A	1000	999	999
rand3_203	299.89702222241567	25.824881861789656	3600	A	1000	999	999
rand3_204	340.4135514484518	6.279809237204997	3600	A	1000	999	999
rand3_205	294.8931269581492	20.183403599148058	3600	A	1000	999	999
rand3_206	172.71989757296916	22.325097249587735	3600	A	1000	999	999
rand3_207	85.15775112370449	48.19458203288667	3600	A	1000	999	999
rand3_208	278.2540302069901	61.30266444878011	3600	A	1000	999	999
rand3_209	9.712669963684766	59.61772733415722	3600	A	1000	999	999
rand3_210	252.27886285763606	-4.971213362095675	3600	A	1000	999	999
rand3_211	150.50018624699865	65.71192640087598	3600	A	1000	999	999
rand3_212	123.79046831691004	-0.8034033274820764	3600	A	1000	999	999
rand3_213	81.5501172477852	59.75103901982891	3600	A	1000	999	999
rand3_214	103.53259138246337	38.9087135812806	3600	A	1000	999	999
rand3_215	54.52599095993744	77.97051249650693	3600	A	1000	999	999
rand3_216	162.0476831921656	-12.246718078174828	3600	A	1000	999	999
rand3_217	282.5723918687807	17.685804600049686	3600	A	1000	999	999
rand3_218	105.85511225079209	51.044238302398256	3600	A	1000	999	999
rand3_219	175.66002907311227	14.468779680390217	3600	A	1000	999	999
rand3_220	15.758729196667964	73.95066344013307	3600	A	1000	999	999
rand3_221	282.9586991902129	55.634427442429256	3600	A	1000	999	999
rand3_222	63.3605259160887	48.40367476005533	3600	A	1000	999	999
rand3_223	294.41690891704815	-0.7377445106201286	3600	A	1000	999	999
rand3_224	145.2286667642686	-8.730808454865182	3600	A	1000	999	999
rand3_225	230.68043743952944	-12.57653923555205	3600	A	1000	999	999
rand3_226	179.1984308606665	3.204523927395133	3600	A	1000	999	999
rand3_227	171.40194606495416	-14.72525099424786	3600	A	1000	999	999
rand3_228	115.59594586309258	69.32437332794224	3600	A	1000	999	999
rand3_229	344.9998092805624	45.40866189404061	3600	A	1000	999	999
rand3_230	171.604921872322	13.155959698098076	3600	A	1000	999	999
rand3_231	119.96007561691208	58.53117534735851	3600	A	1000	999	999
rand3_232	100.9306203981197	79.2398356832614	3600	A	1000	999	999
rand3_233	87.02169474516035	28.216480527498916	3600	A	1000	999	999
rand3_234	101.54041020338084	75.64001166458723	3600	A	1000	999	999
rand3_235	230.3200257716161	64.375632164047	3600	A	1000	999	999
rand3_236	131.90104832069431	50.94589826098917	3600	A	1000	999	999
rand3_237	297.0980852964343	-10.060527706161576	3600	A	1000	999	999
rand3_238	148.4244061461733	5.785906549492459	3600	A	1000	999	999
rand3_239	273.9489653698012	-10.308439475287866	3600	A	1000	999	999
rand3_240	45.84845586110702	-12.89146000491244	3600	A	1000	999	999
rand3_241	302.12755042177287	25.126339521020782	3600	A	1000	999	999
rand3_242	350.2212837332753	-4.538961677819625	3600	A	1000	999	999
rand3_243	203.597399720277	60.51584737452819	3600	A	1000	999	999
rand3_244	192.34665059694558	40.536619123345965	3600	A	1000	999	999
rand3_245	297.06060324672046	25.24446501164183	3600	A	1000	999	999
rand3_246	314.0863300069149	61.583736924866145	3600	A	1000	999	999
rand3_247	6.521505346267187	36.33708475929605	3600	A	1000	999	999
rand3_248	272.47630056912817	-13.315431156861914	3600	A	1000	999	999
rand3_249	263.5005012840756	75.45572346285411	3600	A	1000	999	999
rand3_250	35.85982733454982	23.461070158144892	3600	A	1000	999	999
rand3_251	32.53926766558484	68.14272725374977	3600	A	1000	999	999
rand3_252	257.8328868328921	73.40941005971371	3600	A	1000	999	999
rand3_253	193.97923837003523	46.84879701405258	3600	A	1000	999	999
rand3_254	331.02505427971624	49.598388180302294	3600	A	1000	999	999
rand3_255	155.1160824675769	13.088337130967577	3600	A	1000	999	999
rand3_256	311.67924733571084	-5.223175170801758	3600	A	1000	999	999
rand3_257	172.86417070407833	71.74704438834463	3600	A	1000	999	999
rand3_258	101.37162040512675	43.370067305706705	3600	A	1000	999	999
rand3_259	46.530444875410865	12.59334994461679	3600	A	1000	999	999
rand3_260	300.87141166420935	57.24254475690472	3600	A	1000	999	999
rand3_261	264.2010013042265	2.4854948637397634	3600	A	1000	999	999
rand3_262	177.86067629656972	62.27553496431116	3600	A	1000	999	999
rand3_263	172.57056977442588	32.51460058131647	3600	A	1000	999	999
rand3_264	259.64661000488877	44.77966674268244	3600	A	1000	999	999
rand3_265	26.940259934370737	49.68912041669158	3600	A	1000	999	999
rand3_266	21.896480751304246	52.300456482303815	3600	A	1000	999	999
rand3_267	123.42398631749282	16.707211422643482	3600	A	1000	999	999
rand3_268	296.8952857201815	-3.7027695851946127	3600	A	1000	999	999
rand3_269	46.66697545351057	56.78377226971841	3600	A	1000	999	999
rand3_270	210.27663209157657	62.616487787511346	3600	A	1000	999	999
rand3_271	247.4878329049958	69.42790584017872	3600	A	1000	999	999
rand3_272	250.65001099864196	10.498135276349537	3600	A	1000	999	999
rand3_273	216.4888852549565	-3.718234388099635	3600	A	1000	999	999
rand3_274	261.30971712086165	59.185985062036494	3600	A	1000	999	999
rand3_275	159.49686611213255	14.506715167970196	3600	A	1000	999	999
rand3_276	192.21316749771498	66.835020807235	3600	A	1000	999	999
rand3_277	61.514558441215186	-7.257003158736412	3600	A	1000	999	999
rand3_278	153.99129013431622	65.83357945378094	3600	A	1000	999	999
rand3_279	8.687122811447129	24.15467946989682	3600	A	1000	999	999
rand3_280	50.93093882191293	59.70007703294655	3600	A	1000	999	999
rand3_281	119.21525296539227	66.44090920266855	3600	A	1000	999	999
rand3_282	305.09129402430256	67.52983048018	3600	A	1000	999	999
rand3_283	86.18566056474057	2.815299334325694	3600	A	1000	999	999
rand3_284	23.76693851119478	20.517460370942615	3600	A	1000	999	999
rand3_285	296.0626893209464	71.97930105597075	3600	A	1000	999	999
rand3_286	1.6834316003899819	47.59253264796397	3600	A	1000	999	999
rand3_287	82.78656557158574	62.21770484501144	3600	A	1000	999	999
rand3_288	294.16766830031395	5.9126605424901015	3600	A	1000	999	999
rand3_289	55.6959405664349	54.088492109539644	3600	A	1000	999	999
rand3_290	257.4042505809079	50.822257369625746	3600	A	1000	999	999
rand3_291	248.35223227479406	74.84381491469131	3600	A	1000	999	999
rand3_292	319.026917550133	73.09127179220543	3600	A	1000	999	999
rand3_293	130.51635858543503	43.20126852432578	3600	A	1000	999	999
rand3_294	108.77546305203946	-5.689508195828326	3600	A	1000	999	999
rand3_295	297.20536324674976	15.334533402936565	3600	A	1000	999	999
rand3_296	100.4768687759244	74.02729249460283	3600	A	1000	999	999
rand3_297	172.06605579522002	1.993786003803237	3600	A	1000	999	999
rand3_298	142.9511942379622	30.20799352077188	3600	A	1000	999	999
rand3_299	271.8488833384248	21.44707167499486	3600	A	1000	999	999
rand3_300	147.81451072169523	58.48170949483713	3600	A	1000	999	999
rand3_301	339.1276607003976	79.9161315179178	3600	A	1000	999	999
rand3_302	204.2106352589448	4.544138258407525	3600	A	1000	999	999
rand3_303	29.558469146031378	21.5466946446693	3600	A	1000	999	999
rand3_304	7.431995190690097	47.6706258274174	3600	A	1000	999	999
rand3_305	173.6435392698072	17.318272274187663	3600	A	1000	999	999
rand3_306	227.37485149854584	61.65364539593445	3600	A	1000	999	999
rand3_307	128.62986042955103	78.30265778172644	3600	A	1000	999	999
rand3_308	72.37629793544305	73.74380366963031	3600	A	1000	999	999
rand3_309	280.347279454279	24.900106867376245	3600	A	1000	999	999
rand3_310	345.0917153377473	33.41252948059871	3600	A	1000	999	999
rand3_311	130.81483526442486	-4.710184074164054	3600	A	1000	999	999
rand3_312	42.72093146088112	-7.1137383828839384	3600	A	1000	999	999
rand3_313	344.6491404012737	77.93045203286404	3600	A	1000	999	999
rand3_314	277.14199370515155	63.317292667798526	3600	A	1000	999	999
rand3_315	345.5457689292365	76.56472577462465	3600	A	1000	999	999
rand3_316	227.09751163939268	39.56084723495053	3600	A	1000	999	999
rand3_317	113.6985407322886	-1.2314249009809615	3600	A	1000	999	999
rand3_318	179.9310844884807	4.215592461062162	3600	A	1000	999	999
rand3_319	239.79695946513502	15.584524498044761	3600	A	1000	999	999
rand3_320	241.26264257318385	71.83769465043754	3600	A	1000	999	999
rand3_321	233.30427051419804	70.48653178851434	3600	A	1000	999	999
rand3_322	237.87185562011635	15.660299999943735	3600	A	1000	999	999
rand3_323	261.0711140948016	27.90852870169234	3600	A	1000	999	999
rand3_324	98.85402686890275	37.186851016785056	3600	A	1000	999	999
rand3_325	65.26324778666289	55.25172601783909	3600	A	1000	999	999
rand3_326	33.18590569730485	72.82959548448456	3600	A	1000	999	999
rand3_327	248.491257242495	39.344116348011376	3600	A	1000	999	999
rand3_328	37.986742100071446	75.36183582356932	3600	A	1000	999	999
rand3_329	213.76055165893035	55.232193726807836	3600	A	1000	999	999
rand3_330	287.45068490434966	-7.984951480796405	3600	A	1000	999	999
rand3_331	219.4321105256839	49.694676941746565	3600	A	1000	999	999
rand3_332	35.336739898299385	45.13820631754252	3600	A	1000	999	999
rand3_333	329.21100848523935	2.758431752384471	3600	A	1000	999	999
rand3_334	200.78955699673503	54.727294394338415	3600	A	1000	999	999
rand3_335	274.14651095974483	79.98071476584117	3600	A	1000	999	999
rand3_336	271.8709821207827	65.16610038081387	3600	A	1000	999	999
rand3_337	273.04037543862466	-7.301495345208456	3600	A	1000	999	999
rand3_338	15.507401982035889	43.53385892861238	3600	A	1000	999	999
rand3_339	220.10001021132777	64.91906936100202	3600	A	1000	999	999
rand3_340	337.2092967490693	1.6842275496861276	3600	A	1000	999	999
rand3_341	185.52934175044587	11.001989445148133	3600	A	1000	999	999
rand3_342	34.82068021971549	58.51470974142849	3600	A	1000	999	999
rand3_343	16.598424607184437	43.8909407090827	3600	A	1000	999	999
rand3_344	286.45380795589034	28.23398097589253	3600	A	1000	999	999
rand3_345	156.09538064294102	-9.824959241043324	3600	A	1000	999	999
rand3_346	340.44714442265365	54.52715619004914	3600	A	1000	999	999
rand3_347	343.38016097685625	69.22341955085831	3600	A	1000	999	999
rand3_348	15.874442381603266	44.285978225114036	3600	A	1000	999	999
rand3_349	185.10602481436044	33.632271165751575	3600	A	1000	999	999
rand3_350	111.53894726974247	27.27163220742098	3600	A	1000	999	999
rand3_351	53.75696034933874	5.435913533331178	3600	A	1000	999	999
rand3_352	196.34744459473484	-0.7689019220628843	3600	A	1000	999	999
rand3_353	214.74745169814454	2.0977880035068353	3600	A	1000	999	999
rand3_354	70.59124452842858	33.40763907877723	3600	A	1000	999	999
rand3_355	279.2627989905459	14.782277659732873	3600	A	1000	999	999
rand3_356	0.19571047452688894	24.895454220108945	3600	A	1000	999	999
rand3_357	72.49830469756803	47.931181583210204	3600	A	1000	999	999
rand3_358	281.39883131574265	4.535331929015886	3600	A	1000	999	999
rand3_359	168.92916929058603	-4.408646393016076	3600	A	1000	999	999
rand3_360	135.0915755359927	63.164655740864234	3600	A	1000	999	999
rand3_361	116.44994820066036	57.247745055755374	3600	A	1000	999	999
rand3_362	358.7671265054976	-13.125385579359037	3600	A	1000	999	999
rand3_363	139.2689524043954	78.92281449980702	3600	A	1000	999	999
rand3_364	85.87625794386415	14.773799870809722	3600	A	1000	999	999
rand3_365	179.8698378471485	69.38668222958002	3600	A	1000	999	999
rand3_366	43.08197194014275	40.06251815429637	3600	A	1000	999	999
rand3_367	89.88747766137479	79.93181297470251	3600	A	1000	999	999
rand3_368	74.31232135573688	-10.541480248604337	3600	A	1000	999	999
rand3_369	127.56916658594619	-3.5657705564917705	3600	A	1000	999	999
rand3_370	7.456295134666151	12.135559586492008	3600	A	1000	999	999
rand3_371	71.31170016685975	15.678442153478223	3600	A	1000	999	999
rand3_372	246.18709211645964	23.00739842340944	3600	A	1000	999	999
rand3_373	252.36711491415673	69.43400843528582	3600	A	1000	999	999
rand3_374	87.30960438456746	75.55952664819549	3600	A	1000	999	999
rand3_375	161.4841436616348	29.689356596392358	3600	A	1000	999	999
rand3_376	86.91203895112092	-11.148819708418813	3600	A	1000	999	999
rand3_377	203.5106804890401	36.07831927949035	3600	A	1000	999	999
rand3_378	175.2803553045377	52.049852898180006	3600	A	1000	999	999
rand3_379	168.8709559656241	43.58719769925049	3600	A	1000	999	999
rand3_380	263.06779038404085	5.617790689450317	3600	A	1000	999	999
rand3_381	131.7539771775591	17.554979380811936	3600	A	1000	999	999
rand3_382	132.08096257453295	12.748581966780197	3600	A	1000	999	999
rand3_383	163.73888448042743	57.15478291309421	3600	A	1000	999	999
rand3_384	347.5085132095851	28.39522346690385	3600	A	1000	999	999
rand3_385	346.2269987713682	74.41992240502611	3600	A	1000	999	999
rand3_386	283.6055363294616	-6.961379538742383	3600	A	1000	999	999
rand3_387	153.37706891300348	-12.651560005914124	3600	A	1000	999	999
rand3_388	134.74085245745957	-12.444904580026002	3600	A	1000	999	999
rand3_389	285.4636089268022	4.710095444304809	3600	A	1000	999	999
rand3_390	226.07835931117887	2.7246375594760224	3600	A	1000	999	999
rand3_391	265.79010103632066	1.2855406489174221	3600	A	1000	999	999
rand3_392	69.4943147804953	68.6594759901342	3600	A	1000	999	999
rand3_393	143.9401778242432	64.51992803508512	3600	A	1000	999	999
rand3_394	141.5854179965918	7.1159774030799845	3600	A	1000	999	999
rand3_395	4.250942086612586	72.60604329035534	3600	A	1000	999	999
rand3_396	84.27878338475395	38.28135193305037	3600	A	1000	999	999
rand3_397	231.08487152546365	0.6367105272193267	3600	A	1000	999	999
rand3_398	228.4300838320803	46.30375875816896	3600	A	1000	999	999
rand3_399	49.53832043327123	36.58591704836348	3600	A	1000	999	999
rand3_400	155.31157808591158	-13.723847967144293	3600	A	1000	999	999
rand3_401	165.26162120191827	54.807352814608194	3600	A	1000	999	999
rand3_402	211.48940300046257	17.161726968114102	3600	A	1000	999	999
rand3_403	7.8041518834948675	44.87153321972985	3600	A	1000	999	999
rand3_404	130.51691944099753	24.553827416796707	3600	A	1000	999	999
rand3_405	153.78438328649503	76.10883593752283	3600	A	1000	999	999
rand3_406	269.2692136894481	43.160277353373516	3600	A	1000	999	999
rand3_407	323.968568450731	10.52836005997288	3600	A	1000	999	999
rand3_408	255.9365197001951	46.14924207092557	3600	A	1000	999	999
rand3_409	196.1096865307315	56.614350175957185	3600	A	1000	999	999
rand3_410	262.5724397348365	15.940991464830766	3600	A	1000	999	999
rand3_411	191.6048551337859	-12.419923083142095	3600	A	1000	999	999
rand3_412	277.4850933097752	0.276434001182162	3600	A	1000	999	999
rand3_413	158.54137855036143	-5.766469477887695	3600	A	1000	999	999
rand3_414	141.30448014044512	25.07137807570323	3600	A	1000	999	999
rand3_415	344.0910064557671	-6.587447808190779	3600	A	1000	999	999
rand3_416	103.95694930162696	77.95792316590205	3600	A	1000	999	999
rand3_417	1.852781779364987	23.13514231806254	3600	A	1000	999	999
rand3_418	84.99955423800202	25.166448109402822	3600	A	1000	999	999
rand3_419	228.16979902259064	60.54415665674895	3600	A	1000	999	999
rand3_420	13.84345207906922	77.70667581758306	3600	A	1000	999	999
rand3_421	273.3207746072875	39.282879084756246	3600	A	1000	999	999
rand3_422	31.369199141592887	7.21924678443748	3600	A	1000	999	999
rand3_423	290.82696501693226	22.327214731362126	3600	A	1000	999	999
rand3_424	221.42759225498378	6.445921618089514	3600	A	1000	999	999
rand3_425	196.18781509045266	74.8388314320424	3600	A	1000	999	999
rand3_426	20.2264615044093	71.44721941568152	3600	A	1000	999	999
rand3_427	203.25399976923453	79.91431891744045	3600	A	1000	999	999
rand3_428	57.462924129266014	18.637672540832007	3600	A	1000	999	999
rand3_429	66.14534710058255	39.932552618792386	3600	A	1000	999	999
rand3_430	74.83877950488123	16.072830078083765	3600	A	1000	999	999
rand3_431	29.23392817116595	-3.2730629621301865	3600	A	1000	999	999
rand3_432	51.37945355976653	45.15435457331801	3600	A	1000	999	999
rand3_433	312.5858833588268	-10.506085132331108	3600	A	1000	999	999
rand3_434	109.03726919013567	-7.28777233917229	3600	A	1000	999	999
rand3_435	66.21375540808549	-4.233756443576722	3600	A	1000	999	999
rand3_436	80.51511477013133	34.76317980347199	3600	A	1000	999	999
rand3_437	143.65025788988032	2.638829034283848	3600	A	1000	999	999
rand3_438	180.27684760929333	65.60189181263848	3600	A	1000	999	999
rand3_439	65.6029103965527	37.896590118658416	3600	A	1000	999	999
rand3_440	284.2530710447927	55.971061117917586	3600	A	1000	999	999
rand3_441	75.40653487047126	57.99161397967988	3600	A	1000	999	999
rand3_442	340.4490087298602	74.0061924801996	3600	A	1000	999	999
rand3_443	204.3407266695038	71.94775417742235	3600	A	1000	999	999
rand3_444	274.6308725346634	68.25562696168932	3600	A	1000	999	999
rand3_445	184.85964849060966	25.893597633009442	3600	A	1000	999	999
rand3_446	338.0245541902461	36.95895721698734	3600	A	1000	999	999
rand3_447	217.72541011475462	-1.596701110273072	3600	A	1000	999	999
rand3_448	222.19845302662748	33.36851348748677	3600	A	1000	999	999
rand3_449	200.5466094339494	-2.1816786018357703	3600	A	1000	999	999
rand3_450	283.1890051422642	72.38916247557721	3600	A	1000	999	999
rand3_451	327.39509805666773	23.11902186050534	3600	A	1000	999	999
rand3_452	36.55616259129095	48.22752339328787	3600	A	1000	999	999
rand3_453	296.05030246529526	73.81763254990464	3600	A	1000	999	999
rand3_454	350.55681088381647	17.014584057114313	3600	A	1000	999	999
rand3_455	345.1964041813882	39.92940987215493	3600	A	1000	999	999
rand3_456	253.76607222774712	33.8908465554317	3600	A	1000	999	999
rand3_457	12.085161509248369	42.374978723926404	3600	A	1000	999	999
rand3_458	13.54879039983393	68.09961475729199	3600	A	1000	999	999
rand3_459	20.91128098667555	55.17439972400307	3600	A	1000	999	999
rand3_460	318.1832820613516	28.03274645477275	3600	A	1000	999	999
rand3_461	266.60845762798186	29.43761769078928	3600	A	1000	999	999
rand3_462	231.50729279626924	14.097071080204302	3600	A	1000	999	999
rand3_463	303.3747960623194	31.50314103396733	3600	A	1000	999	999
rand3_464	172.79726699785317	51.17475639361369	3600	A	1000	999	999
rand3_465	113.97871604582389	23.934133642052075	3600	A	1000	999	999
rand3_466	172.86717924440782	77.03179100820664	3600	A	1000	999	999
rand3_467	193.44409455893023	12.419840510446353	3600	A	1000	999	999
rand3_468	100.02336638381436	9.859817256655358	3600	A	1000	999	999
rand3_469	206.5221478527887	2.443930193077012	3600	A	1000	999	999
rand3_470	167.27983294341496	-5.395101920809843	3600	A	1000	999	999
rand3_471	28.16505673205967	-7.080645931994406	3600	A	1000	999	999
rand3_472	350.6500570358497	25.512831124651363	3600	A	1000	999	999
rand3_473	161.11535252282187	58.76705387973978	3600	A	1000	999	999
rand3_474	127.79043068270755	17.72127644867014	3600	A	1000	999	999
rand3_475	345.31628569163405	63.17310851387232	3600	A	1000	999	999
rand3_476	46.05432573096719	35.32814910100744	3600	A	1000	999	999
rand3_477	163.40390653050224	35.420474411047806	3600	A	1000	999	999
rand3_478	245.90214445086028	29.006297427782805	3600	A	1000	999	999
rand3_479	50.86110928660495	42.8322488154658	3600	A	1000	999	999
rand3_480	136.99794036546115	16.440133850955277	3600	A	1000	999	999
rand3_481	324.9365803880554	5.220775882048088	3600	A	1000	999	999
rand3_482	57.66242112249513	10.591613828636966	3600	A	1000	999	999
rand3_483	86.71594788274628	12.808567223549726	3600	A	1000	999	999
rand3_484	328.9320301407961	54.74027761494165	3600	A	1000	999	999
rand3_485	134.0824679510295	42.951373795049896	3600	A	1000	999	999
rand3_486	302.62012946507355	11.29353429171049	3600	A	1000	999	999
rand3_487	327.68311473404907	40.10204756224501	3600	A	1000	999	999
rand3_488	37.865588330624995	34.04828242910117	3600	A	1000	999	999
rand3_489	132.83082111866955	53.84147141003665	3600	A	1000	999	999
rand3_490	132.5944139151302	37.3841586321873	3600	A	1000	999	999
rand3_491	322.18058594197987	58.637103057959095	3600	A	1000	999	999
rand3_492	224.41170535299875	26.379144416104197	3600	A	1000	999	999
rand3_493	32.994066099311624	35.95776438388606	3600	A	1000	999	999
rand3_494	238.53013680768095	31.55624656827485	3600	A	1000	999	999
rand3_495	288.36372361774335	-1.4972953518279581	3600	A	1000	999	999
rand3_496	220.12043001208562	78.40752407295673	3600	A	1000	999	999
rand3_497	100.97226221160457	78.84031107853464	3600	A	1000	999	999
rand3_498	168.25438791091975	52.83415008642403	3600	A	1000	999	999
rand3_499	91.19972357475157	71.3654199077578	3600	A	1000	999	999
rand3_500	103.06105607314892	20.431970109616167	3600	A	1000	999	999
rand3_501	233.24559170976494	73.56315743840258	3600	A	1000	999	999
rand3_502	66.4039128141952	38.320739695531834	3600	A	1000	999	999
rand3_503	287.93850233819023	-12.944453073513294	3600	A	1000	999	999
rand3_504	298.4080726782413	10.981621033732502	3600	A	1000	999	999
rand3_505	323.9338103382297	73.53898786898701	3600	A	1000	999	999
rand3_506	300.55205585918895	52.208127049846084	3600	A	1000	999	999
rand3_507	269.9824522693179	8.907255455684094	3600	A	1000	999	999
rand3_508	227.89397220082844	53.712289154434245	3600	A	1000	999	999
rand3_509	172.55529374232842	7.6853240165856	3600	A	1000	999	999
rand3_510	155.40588863805738	-7.402304881305587	3600	A	1000	999	999
rand3_511	12.919843292338303	68.7053974667698	3600	A	1000	999	999
rand3_512	8.769322505075937	-6.187424171340785	3600	A	1000	999	999
rand3_513	64.83725477340319	78.2025278396851	3600	A	1000	999	999
rand3_514	17.138236361190465	40.730656144106064	3600	A	1000	999	999
rand3_515	58.377044179311234	2.263223543194883	3600	A	1000	999	999
rand3_516	158.53078644054509	-8.772052107752923	3600	A	1000	999	999
rand3_517	275.5843380809359	48.071011803175686	3600	A	1000	999	999
rand3_518	201.98675183958062	4.885104114731988	3600	A	1000	999	999
rand3_519	124.84797868528692	11.84686378554428	3600	A	1000	999	999
rand3_520	229.0577277289744	36.09598606329894	3600	A	1000	999	999
rand3_521	165.48439155411592	43.58419648271113	3600	A	1000	999	999
rand3_522	189.36031911042997	-0.2555783917008654	3600	A	1000	999	999
rand3_523	187.17017372956425	15.074404739265542	3600	A	1000	999	999
rand3_524	20.268901762861308	9.235639330162204	3600	A	1000	999	999
rand3_525	11.794459390827786	60.25074524510296	3600	A	1000	999	999
rand3_526	16.726263606087382	63.09203808325327	3600	A	1000	999	999
rand3_527	102.40468820498552	71.77343304952738	3600	A	1000	999	999
rand3_528	126.03423859717599	39.00680138300805	3600	A	1000	999	999
rand3_529	58.33310960118858	45.664374052313114	3600	A	1000	999	999
rand3_530	159.20983671695936	50.825379938636615	3600	A	1000	999	999
rand3_531	343.17366882078915	-2.6114610520063977	3600	A	1000	999	999
rand3_532	306.2383168147286	71.0626723237787	3600	A	1000	999	999
rand3_533	148.59382443496168	22.27214052161454	3600	A	1000	999	999
rand3_534	60.51712290856526	76.86915558361548	3600	A	1000	999	999
rand3_535	13.924690777992538	6.994597630474249	3600	A	1000	999	999
rand3_536	318.2538471688172	2.4240259713044097	3600	A	1000	999	999
rand3_537	343.40698830329	-10.023926206894412	3600	A	1000	999	999
rand3_538	29.899712104253116	68.59581860705865	3600	A	1000	999	999
rand3_539	267.95894905739334	45.23982219430026	3600	A	1000	999	999
rand3_540	181.8830503639719	65.09255466239118	3600	A	1000	999	999
rand3_541	251.0177665668747	20.208803909511225	3600	A	1000	999	999
rand3_542	287.46211693566454	1.070819419673402	3600	A	1000	999	999
rand3_543	82.9543079955023	16.999253287290074	3600	A	1000	999	999
rand3_544	278.65794863443676	62.694253830879845	3600	A	1000	999	999
rand3_545	110.58299703557736	46.4265788009143	3600	A	1000	999	999
rand3_546	320.5229896619155	39.78648773462317	3600	A	1000	999	999
rand3_547	143.34521421809842	77.55224120566899	3600	A	1000	999	999
rand3_548	230.22016041422313	19.140325441376532	3600	A	1000	999	999
rand3_549	77.10867203441555	72.37342914325876	3600	A	1000	999	999
rand3_550	27.30376224132423	57.47669068424341	3600	A	1000	999	999
rand3_551	252.0361310642477	49.28581961769662	3600	A	1000	999	999
rand3_552	96.34854673646241	61.326041707808315	3600	A	1000	999	999
rand3_553	239.0466316317687	3.992431843038805	3600	A	1000	999	999
rand3_554	239.89150597691477	14.946143805674922	3600	A	1000	999	999
rand3_555	177.4247593021263	54.17129450783595	3600	A	1000	999	999
rand3_556	222.63071390132157	-6.412322481158917	3600	A	1000	999	999
rand3_557	222.6726810404459	40.61823437636501	3600	A	1000	999	999
rand3_558	51.80185572629182	11.575713765051137	3600	A	1000	999	999
rand3_559	340.3384291406364	52.118065916527655	3600	A	1000	999	999
rand3_560	219.2118011293687	0.9648711966792263	3600	A	1000	999	999
rand3_561	236.35796733971995	31.312082709321068	3600	A	1000	999	999
rand3_562	63.37883166116195	54.51388050449988	3600	A	1000	999	999
rand3_563	213.69074867266139	7.477427164097019	3600	A	1000	999	999
rand3_564	279.97778358810257	-2.1846792045660557	3600	A	1000	999	999
rand3_565	296.0259232027923	8.242360033580187	3600	A	1000	999	999
rand3_566	312.4645447099052	47.995385260169556	3600	A	1000	999	999
rand3_567	160.6908163360239	-10.390636252358563	3600	A	1000	999	999
rand3_568	148.15468953998547	3.1394866774069925	3600	A	1000	999	999
rand3_569	58.53770212904978	69.14352180110794	3600	A	1000	999	999
rand3_570	136.17631454650976	62.09948040384516	3600	A	1000	999	999
rand3_571	158.03412158157823	18.003889634048214	3600	A	1000	999	999
rand3_572	222.3828462060655	31.91078175149667	3600	A	1000	999	999
rand3_573	25.76846569721142	67.86704612946545	3600	A	1000	999	999
rand3_574	7.380886936735003	9.842405784478338	3600	A	1000	999	999
rand3_575	238.75004992818245	36.455250646100176	3600	A	1000	999	999
rand3_576	105.43932875944158	73.7543727069642	3600	A	1000	999	999
rand3_577	282.1813186086771	-8.846437723833173	3600	A	1000	999	999
rand3_578	214.93836939586436	70.54927445357232	3600	A	1000	999	999
rand3_579	271.33971040909836	23.692091230956862	3600	A	1000	999	999
rand3_580	46.20680963053624	73.20712374466807	3600	A	1000	999	999
rand3_581	99.07052844168588	19.537622451534318	3600	A	1000	999	999
rand3_582	54.59355891165801	31.516429357916508	3600	A	1000	999	999
rand3_583	89.6045707149609	18.52100091539664	3600	A	1000	999	999
rand3_584	32.304387980211914	39.38454275323697	3600	A	1000	999	999
rand3_585	123.96564112205961	27.857923059574098	3600	A	1000	999	999
rand3_586	353.8669866861319	34.220886072016135	3600	A	1000	999	999
rand3_587	239.41404077838874	20.204993613299543	3600	A	1000	999	999
rand3_588	93.13428226162603	57.7722727577339	3600	A	1000	999	999
rand3_589	38.262347907561704	54.76384854674403	3600	A	1000	999	999
rand3_590	198.64831186903325	68.94575371127932	3600	A	1000	999	999
rand3_591	25.500007304999194	68.9515626015124	3600	A	1000	999	999
rand3_592	258.7855553953188	25.20632529113734	3600	A	1000	999	999
rand3_593	236.94016013991512	30.90651251074342	3600	A	1000	999	999
rand3_594	255.53608840176736	-11.397582397177983	3600	A	1000	999	999
rand3_595	248.43416631471206	45.75151865715532	3600	A	1000	999	999
rand3_596	236.68794792624888	50.996311107505306	3600	A	1000	999	999
rand3_597	275.86817013234025	53.07820351327486	3600	A	1000	999	999
rand3_598	32.21212936005686	50.70959526966212	3600	A	1000	999	999
rand3_599	47.81062845001225	20.711040569191027	3600	A	1000	999	999
rand3_600	279.0246378532496	-4.153462091369541	3600	A	1000	999	999
rand3_601	345.7999881572951	13.24760935174881	3600	A	1000	999	999
rand3_602	301.416168499693	37.42923359956967	3600	A	1000	999	999
rand3_603	99.52336729672183	-9.819094863890864	3600	A	1000	999	999
rand3_604	117.84084926482352	10.596042262480434	3600	A	1000	999	999
rand3_605	338.27947635687053	57.83731897021812	3600	A	1000	999	999
rand3_606	91.20388923384112	-7.776677946517144	3600	A	1000	999	999
rand3_607	122.74881656564226	66.52591359334221	3600	A	1000	999	999
rand3_608	117.16423793907782	28.616566755056745	3600	A	1000	999	999
rand3_609	32.12526095776906	29.079153813311564	3600	A	1000	999	999
rand3_610	241.75041175244337	17.067830047886446	3600	A	1000	999	999
rand3_611	57.32315831864375	14.906274125067064	3600	A	1000	999	999
rand3_612	125.26924446139672	29.935994715671143	3600	A	1000	999	999
rand3_613	314.8702994724653	44.95527165621429	3600	A	1000	999	999
rand3_614	242.9631705631487	64.90618569897006	3600	A	1000	999	999
rand3_615	66.73412390567782	43.348924867687636	3600	A	1000	999	999
rand3_616	206.40683380976697	52.17764677573487	3600	A	1000	999	999
rand3_617	97.4647506027967	25.06925872514686	3600	A	1000	999	999
rand3_618	77.05424330056054	3.32049565820191	3600	A	1000	999	999
rand3_619	198.35838400969345	28.933388004842875	3600	A	1000	999	999
rand3_620	110.68357776666392	60.841094772617595	3600	A	1000	999	999
rand3_621	226.75660081383208	46.4505273928666	3600	A	1000	999	999
rand3_622	260.72338254070047	-6.7667801551352085	3600	A	1000	999	999
rand3_623	256.5539155297674	67.49282209194924	3600	A	1000	999	999
rand3_624	202.819948251607	42.048222319820454	3600	A	1000	999	999
rand3_625	29.09081552232168	3.0757838586174984	3600	A	1000	999	999
rand3_626	296.8814378818107	-14.31664207549754	3600	A	1000	999	999
rand3_627	357.4996566695884	64.32190354792297	3600	A	1000	999	999
rand3_628	326.5347610351267	-5.470937942097837	3600	A	1000	999	999
rand3_629	71.9278201898559	24.088027888383095	3600	A	1000	999	999
rand3_630	251.12964538901466	10.605507385636361	3600	A	1000	999	999
rand3_631	81.89190874505296	75.8258425910646	3600	A	1000	999	999
rand3_632	230.32401107913591	41.96169337779607	3600	A	1000	999	999
rand3_633	315.154088083875	73.33221059501363	3600	A	1000	999	999
rand3_634	65.50325239764805	55.19731669695038	3600	A	1000	999	999
rand3_635	336.8400331710147	71.928428699557	3600	A	1000	999	999
rand3_636	193.95705371227103	-10.090482921727865	3600	A	1000	999	999
rand3_637	164.87561578235153	52.470132768637015	3600	A	1000	999	999
rand3_638	44.011769453073015	62.849884695050605	3600	A	1000	999	999
rand3_639	230.94440834493	54.12603166544899	3600	A	1000	999	999
rand3_640	118.61138524271843	23.324578926879276	3600	A	1000	999	999
rand3_641	50.89543138730253	52.08803901779845	3600	A	1000	999	999
rand3_642	189.36855171949142	33.80838072046677	3600	A	1000	999	999
rand3_643	7.567634171366313	71.34758425258404	3600	A	1000	999	999
rand3_644	76.24351514158396	49.25361210202192	3600	A	1000	999	999
rand3_645	297.5523556336033	39.312504563737534	3600	A	1000	999	999
rand3_646	218.8486426719267	26.683707840160373	3600	A	1000	999	999
rand3_647	327.10323044729085	67.76340544167043	3600	A	1000	999	999
rand3_648	122.6606330279856	29.154652096414026	3600	A	1000	999	999
rand3_649	130.8413684845863	19.48370592984776	3600	A	1000	999	999
rand3_650	295.7332488225468	42.61937511655026	3600	A	1000	999	999
rand3_651	8.425155863509497	71.98328849957636	3600	A	1000	999	999
rand3_652	123.96451357531068	56.71289398391902	3600	A	1000	999	999
rand3_653	319.56421076339564	-3.804429209775247	3600	A	1000	999	999
rand3_654	104.47444199374466	33.29624849391845	3600	A	1000	999	999
rand3_655	211.28013049207738	60.02393164103135	3600	A	1000	999	999
rand3_656	356.74821176824923	9.435364851022946	3600	A	1000	999	999
rand3_657	95.09354993313275	64.85852454618292	3600	A	1000	999	999
rand3_658	6.054654699624327	76.57845443337077	3600	A	1000	999	999
rand3_659	164.9930447791404	29.572195657893495	3600	A	1000	999	999
rand3_660	342.4857482357886	71.54199782832376	3600	A	1000	999	999
rand3_661	31.596911547015026	18.455949295343125	3600	A	1000	999	999
rand3_662	143.3762887525773	65.24122813916647	3600	A	1000	999	999
rand3_663	232.47175641577027	18.5270999074097	3600	A	1000	999	999
rand3_664	85.46451031266874	-3.3854197550814273	3600	A	1000	999	999
rand3_665	242.24448508911013	-0.09094211186200951	3600	A	1000	999	999
rand3_666	129.2432764156962	3.462899480961976	3600	A	1000	999	999
rand3_667	26.77346891117786	-8.222530277330655	3600	A	1000	999	999
rand3_668	96.19967904798057	-0.2797938068503445	3600	A	1000	999	999
rand3_669	173.4413422071676	2.1616927522452336	3600	A	1000	999	999
rand3_670	30.91037582343523	75.02704248081143	3600	A	1000	999	999
rand3_671	3.5683420869771787	72.69689531316952	3600	A	1000	999	999
rand3_672	206.33534808837126	20.718546662100614	3600	A	1000	999	999
rand3_673	321.0978735128706	71.46225129940107	3600	A	1000	999	999
rand3_674	202.78631008451407	10.682346930089285	3600	A	1000	999	999
rand3_675	76.15964195187975	25.562067932088482	3600	A	1000	999	999
rand3_676	200.344822038772	72.97444894928418	3600	A	1000	999	999
rand3_677	310.6067632534777	25.1881174172657	3600	A	1000	999	999
rand3_678	9.712898736688587	52.796655256715496	3600	A	1000	999	999
rand3_679	283.52173956047585	1.9842025774094658	3600	A	1000	999	999
rand3_680	221.3602000696044	54.747700514237565	3600	A	1000	999	999
rand3_681	192.00679338966924	11.171136508474454	3600	A	1000	999	999
rand3_682	207.47309821768988	61.65576906560952	3600	A	1000	999	999
rand3_683	282.518174455111	58.03536058639658	3600	A	1000	999	999
rand3_684	143.11675119218498	46.99589354415576	3600	A	1000	999	999
rand3_685	51.93428908937638	74.62501352352989	3600	A	1000	999	999
rand3_686	349.9259131861562	62.52741265505378	3600	A	1000	999	999
rand3_687	345.3209925019522	32.482012450837544	3600	A	1000	999	999
rand3_688	36.97149244068842	-2.525918376321064	3600	A	1000	999	999
rand3_689	2.904781840415809	1.3329513831176563	3600	A	1000	999	999
rand3_690	301.81685868711753	54.940028280453305	3600	A	1000	999	999
rand3_691	120.920893522591	20.50465592599506	3600	A	1000	999	999
rand3_692	248.19033301129375	49.89750960527405	3600	A	1000	999	999
rand3_693	279.60983293045473	23.022756817605362	3600	A	1000	999	999
rand3_694	215.8478121618596	53.86127041465748	3600	A	1000	999	999
rand3_695	234.02656002338477	23.090528869381266	3600	A	1000	999	999
rand3_696	87.62365962963872	2.5812140778656634	3600	A	1000	999	999
rand3_697	331.56250235615806	53.51427921533518	3600	A	1000	999	999
rand3_698	316.46181041209394	-2.6491432551166625	3600	A	1000	999	999
rand3_699	266.8389075451491	59.224485065193306	3600	A	1000	999	999
rand3_700	287.8433443115805	62.12111885425854	3600	A	1000	999	999
rand3_701	280.328082186182	70.74258449494164	3600	A	1000	999	999
rand3_702	262.61570021632537	75.72285073970549	3600	A	1000	999	999
rand3_703	78.49621213250802	14.354406814409227	3600	A	1000	999	999
rand3_704	310.17080256054896	53.07609200863526	3600	A	1000	999	999
rand3_705	131.90790406787028	-6.003551868249735	3600	A	1000	999	999
rand3_706	290.99020058251716	16.550084539375842	3600	A	1000	999	999
rand3_707	252.74914836958774	76.48654438405305	3600	A	1000	999	999
rand3_708	48.00195633420171	63.8946103741049	3600	A	1000	999	999
rand3_709	166.190906556291	0.5763260455460912	3600	A	1000	999	999
rand3_710	14.678532467906802	-11.781267498053788	3600	A	1000	999	999
rand3_711	162.69884783665867	-9.291276383692177	3600	A	1000	999	999
rand3_712	311.38256801180404	48.34576239502197	3600	A	1000	999	999
rand3_713	273.7345899279142	58.163053465860514	3600	A	1000	999	999
rand3_714	109.77626893091195	23.18199277468309	3600	A	1000	999	999
rand3_715	151.93964040718757	-11.877308489144772	3600	A	1000	999	999
rand3_716	285.98991997030623	48.70158789436734	3600	A	1000	999	999
rand3_717	138.4793314272246	-6.299767277579605	3600	A	1000	999	999
rand3_718	65.64955072673811	4.938557574298084	3600	A	1000	999	999
rand3_719	296.21047865065157	73.26115301315139	3600	A	1000	999	999
rand3_720	282.99305752100753	8.541292046556382	3600	A	1000	999	999
rand3_721	127.07303952121077	20.76655183183381	3600	A	1000	999	999
rand3_722	306.6630911411787	19.426352726897598	3600	A	1000	999	999
rand3_723	294.6890582544176	65.3972380743413	3600	A	1000	999	999
rand3_724	23.828628298552292	27.042175610162666	3600	A	1000	999	999
rand3_725	226.7313502673809	3.228845027475863	3600	A	1000	999	999
rand3_726	336.8591774907853	-12.576715127515019	3600	A	1000	999	999
rand3_727	239.97764251300543	32.681835467302996	3600	A	1000	999	999
rand3_728	169.79982102998463	33.34604238079417	3600	A	1000	999	999
rand3_729	11.036935519598025	61.04631987688083	3600	A	1000	999	999
rand3_730	333.31347368500195	6.399342422592092	3600	A	1000	999	999
rand3_731	83.95166045763209	4.251676519883265	3600	A	1000	999	999
rand3_732	304.5637250555822	44.14688769417748	3600	A	1000	999	999
rand3_733	196.4640338681181	68.91357715520705	3600	A	1000	999	999
rand3_734	344.97874987447216	-13.012717939959387	3600	A	1000	999	999
rand3_735	205.70847496097593	41.24499044374944	3600	A	1000	999	999
rand3_736	129.9166786615483	64.1670768785942	3600	A	1000	999	999
rand3_737	223.72439839956598	25.274597784454897	3600	A	1000	999	999
rand3_738	209.64602165215004	-6.780682346122438	3600	A	1000	999	999
rand3_739	62.53982713189337	63.18435900262064	3600	A	1000	999	999
rand3_740	91.93326858567833	20.80029153840738	3600	A	1000	999	999
rand3_741	324.7485236564914	32.94210400314217	3600	A	1000	999	999
rand3_742	220.11056663562076	75.04826639694889	3600	A	1000	999	999
rand3_743	346.72572830489605	66.25257736053169	3600	A	1000	999	999
rand3_744	159.36897160842437	1.490867621304119	3600	A	1000	999	999
rand3_745	355.9280462856937	26.618242536713268	3600	A	1000	999	999
rand3_746	48.75194662813384	-6.3505911173316125	3600	A	1000	999	999
rand3_747	342.1676827640938	15.845399524870551	3600	A	1000	999	999
rand3_748	115.25739723612898	16.700356098833726	3600	A	1000	999	999
rand3_749	304.66238012359605	40.178164856555654	3600	A	1000	999	999
rand3_750	102.05223261684066	12.313455064469082	3600	A	1000	999	999
rand3_751	165.86442041808803	67.40205956531175	3600	A	1000	999	999
rand3_752	319.3507389184377	-2.7893913270835107	3600	A	1000	999	999
rand3_753	323.21691911438126	2.5246649982181815	3600	A	1000	999	999
rand3_754	48.13250626880653	5.770731328682341	3600	A	1000	999	999
rand3_755	133.65079550327528	52.593639768120255	3600	A	1000	999	999
rand3_756	43.133341448793836	47.70575768976317	3600	A	1000	999	999
rand3_757	54.16590612914621	41.84772186439547	3600	A	1000	999	999
rand3_758	53.93444709305959	16.76951553264921	3600	A	1000	999	999
rand3_759	320.1395027723609	16.33663155751018	3600	A	1000	999	999
rand3_760	171.4310297334799	28.511808701809343	3600	A	1000	999	999
rand3_761	72.67328600529477	65.59438584736263	3600	A	1000	999	999
rand3_762	283.2959475143028	60.924215078207155	3600	A	1000	999	999
rand3_763	318.07202057996284	5.184512425016585	3600	A	1000	999	999
rand3_764	178.56178144160438	-11.605053288749069	3600	A	1000	999	999
rand3_765	36.730462402898986	16.880300344182977	3600	A	1000	999	999
rand3_766	182.40096916162508	78.46109481068515	3600	A	1000	999	999
rand3_767	267.08560147556534	39.883056438697096	3600	A	1000	999	999
rand3_768	194.71504341640042	5.30898223895905	3600	A	1000	999	999
rand3_769	241.7580731335178	22.685145206339243	3600	A	1000	999	999
rand3_770	275.9570523366229	15.469494820886787	3600	A	1000	999	999
rand3_771	153.56040517847362	70.21039116435573	3600	A	1000	999	999
rand3_772	345.6981674353681	8.368947171290323	3600	A	1000	999	999
rand3_773	22.841586553236695	41.15120430619808	3600	A	1000	999	999
rand3_774	243.9187766541953	7.983125576555789	3600	A	1000	999	999
rand3_775	231.40416050798032	-3.3733302439821635	3600	A	1000	999	999
rand3_776	53.71696142223157	56.51996218811401	3600	A	1000	999	999
rand3_777	128.5463610044478	-5.743379243007544	3600	A	1000	999	999
rand3_778	351.3050180608635	20.162476922782204	3600	A	1000	999	999
rand3_779	103.92481950028053	3.2574820381180736	3600	A	1000	999	999
rand3_780	175.74453259360686	19.319623000056822	3600	A	1000	999	999
rand3_781	211.9904381395418	73.38154359543393	3600	A	1000	999	999
rand3_782	357.53684993726233	6.272100345081014	3600	A	1000	999	999
rand3_783	346.12003930975277	-14.750318121522884	3600	A	1000	999	999
rand3_784	19.07582434549569	45.18705984099516	3600	A	1000	999	999
rand3_785	193.32028888295713	22.231831038057486	3600	A	1000	999	999
rand3_786	307.3922584767607	-4.20200165929038	3600	A	1000	999	999
rand3_787	95.10447152128808	62.62233601453951	3600	A	1000	999	999
rand3_788	19.361288293580227	72.32225306285949	3600	A	1000	999	999
rand3_789	47.44105155360139	3.546388633162273	3600	A	1000	999	999
rand3_790	210.50284461273347	68.78939897644695	3600	A	1000	999	999
rand3_791	306.77344974939217	48.27645258631951	3600	A	1000	999	999
rand3_792	158.16620488888645	56.56233809095248	3600	A	1000	999	999
rand3_793	322.4674689864785	26.579286552682333	3600	A	1000	999	999
rand3_794	343.90592150729333	43.334951343265615	3600	A	1000	999	999
rand3_795	28.52939563516496	39.31090595373374	3600	A	1000	999	999
rand3_796	8.740910425847295	44.72469017481455	3600	A	1000	999	999
rand3_797	41.94827534145671	72.56094375379796	3600	A	1000	999	999
rand3_798	219.7759977362732	51.77486650026846	3600	A	1000	999	999
rand3_799	228.93782555777364	-9.127545694283977	3600	A	1000	999	999
rand3_800	179.8011948693625	17.728303343258595	3600	A	1000	999	999
rand3_801	322.7027173739187	55.64925362150318	3600	A	1000	999	999
rand3_802	331.5794174030874	26.80507058129325	3600	A	1000	999	999
rand3_803	81.96017512076438	44.18573083850235	3600	A	1000	999	999
rand3_804	168.03924480572135	3.074094188654474	3600	A	1000	999	999
rand3_805	176.00633737497589	35.63605765419233	3600	A	1000	999	999
rand3_806	296.9318506651129	42.0627800117473	3600	A	1000	999	999
rand3_807	183.04187827957617	5.757923589031591	3600	A	1000	999	999
rand3_808	328.2227347599158	51.117356617379855	3600	A	1000	999	999
rand3_809	101.21282420156439	3.794329186654533	3600	A	1000	999	999
rand3_810	144.8812954550279	38.27086705467852	3600	A	1000	999	999
rand3_811	107.70259303735881	32.84447617482441	3600	A	1000	999	999
rand3_812	68.08193743850515	32.75240465904903	3600	A	1000	999	999
rand3_813	36.20672325453117	16.755605484911953	3600	A	1000	999	999
rand3_814	174.71192324792258	79.2708702594578	3600	A	1000	999	999
rand3_815	8.685358250290417	13.850591650311252	3600	A	1000	999	999
rand3_816	302.51616279679234	67.87200739557481	3600	A	1000	999	999
rand3_817	184.207164640115	63.8185306268399	3600	A	1000	999	999
rand3_818	228.56418751839553	22.299535359675296	3600	A	1000	999	999
rand3_819	325.42644703907	51.485963809367846	3600	A	1000	999	999
rand3_820	6.4596039937153105	-5.137308057545555	3600	A	1000	999	999
rand3_821	89.69183185797567	26.192564144802446	3600	A	1000	999	999
rand3_822	29.092051323304226	68.22137284555431	3600	A	1000	999	999
rand3_823	127.69716954998157	15.15594531789996	3600	A	1000	999	999
rand3_824	201.1791463470271	73.25114679869937	3600	A	1000	999	999
rand3_825	265.92593731157336	7.968650423826372	3600	A	1000	999	999
rand3_826	241.11987453103032	-7.6007287216639945	3600	A	1000	999	999
rand3_827	106.04019228206799	2.167854215710861	3600	A	1000	999	999
rand3_828	131.0558494242023	27.302370653610694	3600	A	1000	999	999
rand3_829	123.06637028033072	7.804031352987444	3600	A	1000	999	999
rand3_830	144.34924322205975	-12.838648442368903	3600	A	1000	999	999
rand3_831	230.90994321893	54.57412323772978	3600	A	1000	999	999
rand3_832	224.0176010787244	59.02212221971659	3600	A	1000	999	999
rand3_833	315.00768854965565	63.78622219587558	3600	A	1000	999	999
rand3_834	100.00614674905911	25.161818558255213	3600	A	1000	999	999
rand3_835	136.61968969213206	35.97279099470562	3600	A	1000	999	999
rand3_836	154.92699871279459	59.14774173974732	3600	A	1000	999	999
rand3_837	48.96569569682998	64.96354138037258	3600	A	1000	999	999
rand3_838	223.03740915132443	36.17137688525781	3600	A	1000	999	999
rand3_839	95.09803375966733	72.54935004943187	3600	A	1000	999	999
rand3_840	217.04564803574834	52.69064529929666	3600	A	1000	999	999
rand3_841	150.2249593046794	41.687329942437586	3600	A	1000	999	999
rand3_842	69.90737005069711	56.55107432280491	3600	A	1000	999	999
rand3_843	104.02646680468655	-9.64877792369763	3600	A	1000	999	999
rand3_844	193.68896345709422	66.42205059524369	3600	A	1000	999	999
rand3_845	54.47324911109682	38.404682137071475	3600	A	1000	999	999
rand3_846	30.806344592940242	18.152694357355045	3600	A	1000	999	999
rand3_847	246.85245522937618	63.90548950872902	3600	A	1000	999	999
rand3_848	322.767826453898	-13.475480208790014	3600	A	1000	999	999
rand3_849	174.26524604850985	-14.129023437835398	3600	A	1000	999	999
rand3_850	251.4205392748875	41.597043996425754	3600	A	1000	999	999
rand3_851	28.336135308169773	19.65396024947315	3600	A	1000	999	999
rand3_852	106.6144931564449	42.433943019969526	3600	A	1000	999	999
rand3_853	304.741934032933	31.441106331140965	3600	A	1000	999	999
rand3_854	308.60607665473214	37.65791543648993	3600	A	1000	999	999
rand3_855	63.30023105726734	-10.29665633936316	3600	A	1000	999	999
rand3_856	51.88476885186015	69.3356449780652	3600	A	1000	999	999
rand3_857	84.94892897382118	18.422974812819312	3600	A	1000	999	999
rand3_858	223.6847428344533	57.678086721658204	3600	A	1000	999	999
rand3_859	55.705985646910634	8.88352795061817	3600	A	1000	999	999
rand3_860	152.66857892890965	62.02763327266467	3600	A	1000	999	999
rand3_861	267.2823390994636	15.49986636797302	3600	A	1000	999	999
rand3_862	89.93886784631452	34.284023170241824	3600	A	1000	999	999
rand3_863	44.062717184042	50.889964098691024	3600	A	1000	999	999
rand3_864	3.7281932930126382	66.16408589985909	3600	A	1000	999	999
rand3_865	130.04274869031354	19.829297242452725	3600	A	1000	999	999
rand3_866	257.54832277975	1.5483560053068146	3600	A	1000	999	999
rand3_867	212.27860214979745	0.36626213324854007	3600	A	1000	999	999
rand3_868	353.9342118992141	56.61541888366196	3600	A	1000	999	999
rand3_869	32.35074520509097	3.9792668117944494	3600	A	1000	999	999
rand3_870	79.02658079496737	46.923880731228074	3600	A	1000	999	999
rand3_871	173.51999670523028	2.2698334381300675	3600	A	1000	999	999
rand3_872	82.58716712653741	-4.376960937197495	3600	A	1000	999	999
rand3_873	213.9239399688041	-6.636366554515337	3600	A	1000	999	999
rand3_874	289.0054343032233	46.706211975803285	3600	A	1000	999	999
rand3_875	3.778453002173583	71.01388930609865	3600	A	1000	999	999
rand3_876	2.6107342854268545	57.60730898084263	3600	A	1000	999	999
rand3_877	100.34891865261115	7.617510935743418	3600	A	1000	999	999
rand3_878	292.87667283427464	-2.576131113067742	3600	A	1000	999	999
rand3_879	39.363129022859276	13.230063340989968	3600	A	1000	999	999
rand3_880	333.015299418018	37.87212898601331	3600	A	1000	999	999
rand3_881	149.95496507332825	-6.1496182089223	3600	A	1000	999	999
rand3_882	146.23850551400022	-5.96167158901082	3600	A	1000	999	999
rand3_883	278.8656557118244	12.419205716425463	3600	A	1000	999	999
rand3_884	6.716937203619744	29.07941994714485	3600	A	1000	999	999
rand3_885	299.98206924008923	-7.587333087877774	3600	A	1000	999	999
rand3_886	325.0757205564097	40.39088907917751	3600	A	1000	999	999
rand3_887	185.58081931437604	37.73479562662832	3600	A	1000	999	999
rand3_888	50.86379978448484	69.65742119013592	3600	A	1000	999	999
rand3_889	183.95155445659066	32.08440576966597	3600	A	1000	999	999
rand3_890	74.54927884744707	-7.399676681034252	3600	A	1000	999	999
rand3_891	239.59899988600378	26.29208072843099	3600	A	1000	999	999
rand3_892	0.2271504502170929	46.26495296064992	3600	A	1000	999	999
rand3_893	26.816546981984285	47.718419569988136	3600	A	1000	999	999
rand3_894	347.4638454591215	4.531409315752942	3600	A	1000	999	999
rand3_895	81.2226406489816	75.84755344662567	3600	A	1000	999	999
rand3_896	261.3192986297515	58.58119711921117	3600	A	1000	999	999
rand3_897	35.588855442431864	63.24134638182389	3600	A	1000	999	999
rand3_898	10.315319716233557	26.290315761838627	3600	A	1000	999	999
rand3_899	148.7395424437171	28.381546746630256	3600	A	1000	999	999
rand3_900	252.09198694807208	41.475976603096505	3600	A	1000	999	999
rand3_901	85.68176540850342	23.44390123895728	3600	A	1000	999	999
rand3_902	23.90902493148851	71.18761637006071	3600	A	1000	999	999
rand3_903	106.4402421776697	1.036379909573082	3600	A	1000	999	999
rand3_904	143.2477769318433	1.9220460951122966	3600	A	1000	999	999
rand3_905	141.04785131903444	53.36072516343481	3600	A	1000	999	999
rand3_906	315.4816645414242	59.606754792889774	3600	A	1000	999	999
rand3_907	256.7616710150895	10.445591076977344	3600	A	1000	999	999
rand3_908	146.3135662052847	77.61851781121723	3600	A	1000	999	999
rand3_909	218.59296073889547	77.68652070649848	3600	A	1000	999	999
rand3_910	54.15960508159688	75.17575507059854	3600	A	1000	999	999
rand3_911	273.98068273717973	54.0314790192636	3600	A	1000	999	999
rand3_912	273.79398293731725	28.909777939958623	3600	A	1000	999	999
rand3_913	88.74547507037042	79.34876546389661	3600	A	1000	999	999
rand3_914	216.66848448444333	50.90518418157643	3600	A	1000	999	999
rand3_915	196.00307512893767	71.2465671693813	3600	A	1000	999	999
rand3_916	188.10923655874782	55.30630828606783	3600	A	1000	999	999
rand3_917	102.08003927978959	75.30248097526963	3600	A	1000	999	999
rand3_918	219.76811522263498	23.022758126198283	3600	A	1000	999	999
rand3_919	101.93048840186093	49.98613933501895	3600	A	1000	999	999
rand3_920	258.10823942475645	53.32729313887103	3600	A	1000	999	999
rand3_921	41.56635186039522	4.627777657547561	3600	A	1000	999	999
rand3_922	246.1948076401878	-13.91909792167331	3600	A	1000	999	999
rand3_923	322.8173022069026	6.597916744740964	3600	A	1000	999	999
rand3_924	261.66450302884994	-4.107612086894484	3600	A	1000	999	999
rand3_925	335.2938217704476	41.16641580470437	3600	A	1000	999	999
rand3_926	54.01647784352634	73.10452041987001	3600	A	1000	999	999
rand3_927	199.54896476706736	62.57196516957717	3600	A	1000	999	999
rand3_928	39.894378852861	13.753596645418988	3600	A	1000	999	999
rand3_929	164.70295366237661	30.545008791812947	3600	A	1000	999	999
rand3_930	102.55053358268484	31.497343623915647	3600	A	1000	999	999
rand3_931	212.16024069511514	51.66172223057008	3600	A	1000	999	999
rand3_932	29.36489544334092	68.20388649036715	3600	A	1000	999	999
rand3_933	7.715405369152188	31.33811743813318	3600	A	1000	999	999
rand3_934	325.5882079017299	37.96747241893968	3600	A	1000	999	999
rand3_935	46.352233508653875	10.270013588785158	3600	A	1000	999	999
rand3_936	84.64509872249815	28.595022402800062	3600	A	1000	999	999
rand3_937	328.9025338027572	29.996369686992317	3600	A	1000	999	999
rand3_938	90.24011807808608	38.753003828342536	3600	A	1000	999	999
rand3_939	18.88623875110651	4.607466013266581	3600	A	1000	999	999
rand3_940	345.50477661250864	-2.5197027365469804	3600	A	1000	999	999
rand3_941	130.17553766791252	53.842888200179075	3600	A	1000	999	999
rand3_942	318.0956435854778	10.312978451702755	3600	A	1000	999	999
rand3_943	303.6941658194569	35.79827890684978	3600	A	1000	999	999
rand3_944	143.02742463490114	-9.003867734351509	3600	A	1000	999	999
rand3_945	207.37506973266045	18.351586075615153	3600	A	1000	999	999
rand3_946	298.83581696332	-9.932020596928936	3600	A	1000	999	999
rand3_947	111.09762695272154	4.6142663321412805	3600	A	1000	999	999
rand3_948	300.6230130021859	2.043029646351343	3600	A	1000	999	999
rand3_949	85.81477282759248	13.810625860957924	3600	A	1000	999	999
rand3_950	33.0750210848014	67.51511830738384	3600	A	1000	999	999
rand3_951	28.02372683491263	39.00843777914982	3600	A	1000	999	999
rand3_952	78.85895208640066	49.35829033967002	3600	A	1000	999	999
rand3_953	97.95495911986367	52.96692720158376	3600	A	1000	999	999
rand3_954	16.324495445349374	52.830947053846785	3600	A	1000	999	999
rand3_955	114.34201123426072	33.306538879406965	3600	A	1000	999	999
rand3_956	302.63276616186914	56.29743733598147	3600	A	1000	999	999
rand3_957	134.3118261927596	26.083094085344896	3600	A	1000	999	999
rand3_958	90.71778298593883	-3.1188172954196176	3600	A	1000	999	999
rand3_959	56.64419496454749	1.5526863913487645	3600	A	1000	999	999
rand3_960	354.0797824597943	-5.101829260338654	3600	A	1000	999	999
rand3_961	256.3591961190443	8.374951856174992	3600	A	1000	999	999
rand3_962	178.42087510180298	17.450685220653426	3600	A	1000	999	999
rand3_963	276.2378285997963	-7.067126413865495	3600	A	1000	999	999
rand3_964	289.7481580735569	2.4124941977102097	3600	A	1000	999	999
rand3_965	168.33051131814375	62.44016693855356	3600	A	1000	999	999
rand3_966	351.43873761058927	30.361360683561855	3600	A	1000	999	999
rand3_967	59.78627851488794	-12.914164312121992	3600	A	1000	999	999
rand3_968	315.81182131135694	14.808770018354053	3600	A	1000	999	999
rand3_969	130.30309460498333	27.50764563789911	3600	A	1000	999	999
rand3_970	307.50652222827915	37.81245323108238	3600	A	1000	999	999
rand3_971	32.662103509076935	11.160451578821743	3600	A	1000	999	999
rand3_972	93.7260828915702	-5.71413610498707	3600	A	1000	999	999
rand3_973	55.366650436774684	8.025987489192659	3600	A	1000	999	999
rand3_974	316.8325369725122	33.26880450311682	3600	A	1000	999	999
rand3_975	328.19125587511445	24.957141882429056	3600	A	1000	999	999
rand3_976	124.91320673503944	10.08523067270275	3600	A	1000	999	999
rand3_977	356.70277403930515	2.5667187565688145	3600	A	1000	999	999
rand3_978	322.14218692622154	32.34551404488195	3600	A	1000	999	999
rand3_979	249.46213329639642	59.86502801965969	3600	A	1000	999	999
rand3_980	321.6765847640929	-9.248396732688128	3600	A	1000	999	999
rand3_981	128.9872058292106	37.144511670218435	3600	A	1000	999	999
rand3_982	279.03767722456155	5.040758285407719	3600	A	1000	999	999
rand3_983	198.11619569930428	68.87757242520551	3600	A	1000	999	999
rand3_984	61.29614387646067	56.4495262871435	3600	A	1000	999	999
rand3_985	345.1396488536914	25.725410249519747	3600	A	1000	999	999
rand3_986	328.9580379190439	-2.489202715796722	3600	A	1000	999	999
rand3_987	23.479832991474137	43.55485896449071	3600	A	1000	999	999
rand3_988	237.52687359508485	67.1819347309614	3600	A	1000	999	999
rand3_989	325.8976041800302	79.12400961580965	3600	A	1000	999	999
rand3_990	231.10806200019454	32.41641400027767	3600	A	1000	999	999
rand3_991	41.557823401943295	10.845299820536422	3600	A	1000	999	999
rand3_992	122.07909246446465	16.970160180326943	3600	A	1000	999	999
rand3_993	253.1999010314821	22.702167835268227	3600	A	1000	999	999
rand3_994	280.09331034047494	57.95796483989315	3600	A	1000	999	999
rand3_995	166.97453089526243	6.1976987736888525	3600	A	1000	999	999
rand3_996	237.55851764344013	59.41576071236278	3600	A	1000	999	999
rand3_997	70.14161843499865	66.64240935173086	3600	A	1000	999	999
rand3_998	69.8579795903148	-6.879623463259854	3600	A	1000	999	999
rand3_999	73.19099606340679	20.092321973086655	3600	A	1000	999	999
rand3_1000	92.38676706756243	1.111005881227129	3600	A	1000	999	999
