z4lbg_2__0	-0.04428084275675581	0.4003704348836845	3600	B	1800	999	999
z4lbg_2__1	-0.35302792949889106	-1.00096694174462	3600	B	1800	999	999
z4lbg_2__2	0.12226541498258223	0.06629471646932705	3600	B	1800	999	999
z4lbg_2__3	0.6083679827244778	0.6509704309188418	3600	B	1800	999	999
z4lbg_2__4	-0.6458234693574064	-0.22294671362221358	3600	B	1800	999	999
z4lbg_2__5	-0.9255529488566258	-0.3715857084405548	3600	B	1800	999	999
z4lbg_2__6	-0.6605871658597096	0.14434400709495865	3600	B	1800	999	999
z4lbg_2__7	-0.7525282886782353	-0.22085760469457336	3600	B	1800	999	999
z4lbg_2__8	-0.2482139425265732	0.7892734282862797	3600	B	1800	999	999
z4lbg_2__9	-0.39617580829249005	-0.008131379362829176	3600	B	1800	999	999
z4lbg_2__10	-0.04741800477847377	0.23862226486874677	3600	B	1800	999	999
z4lbg_2__11	-0.5917174099975853	-0.14167343165084098	3600	B	1800	999	999
z4lbg_2__12	-0.738585041764664	-0.1844574180031669	3600	B	1800	999	999
z4lbg_2__13	-0.7569489539673091	0.27544286524459255	3600	B	1800	999	999
z4lbg_2__14	0.24638294806113767	0.6966670354821833	3600	B	1800	999	999
z4lbg_2__15	-0.575860693466528	-0.2970830909280109	3600	B	1800	999	999
z4lbg_2__16	-0.39890909926383733	0.3018580250856809	3600	B	1800	999	999
z4lbg_2__17	-0.9024964419940453	0.14817786451461523	3600	B	1800	999	999
z4lbg_2__18	-0.8139962005489174	-0.3430510267622108	3600	B	1800	999	999
z4lbg_2__19	-0.35119768272936436	0.09551806511520751	3600	B	1800	999	999
z4lbg_2__20	0.7013388816026357	0.2717802497025066	3600	B	1800	999	999
z4lbg_2__21	-0.3307533678880861	-1.1633120248679347	3600	B	1800	999	999
z4lbg_2__22	-0.23813163536610638	-0.887126057027623	3600	B	1800	999	999
z4lbg_2__23	-0.3294794144821825	-0.9587781136569488	3600	B	1800	999	999
z4lbg_2__24	-0.7936985864142378	-0.04762288576388566	3600	B	1800	999	999
z4lbg_2__25	-0.6307798883713372	-0.6874027166494554	3600	B	1800	999	999
z4lbg_2__26	-0.5335876642198618	-0.14946920339865358	3600	B	1800	999	999
z4lbg_2__27	-0.04737950819459564	0.5286592566189493	3600	B	1800	999	999
z4lbg_2__28	-0.29904098576501975	0.24775619462352563	3600	B	1800	999	999
z4lbg_2__29	-0.029101337715365983	0.02748901498802386	3600	B	1800	999	999
z4lbg_2__30	0.39786169881246886	0.9438736874497298	3600	B	1800	999	999
z4lbg_2__31	-0.8098095549684307	-0.4276371719212205	3600	B	1800	999	999
z4lbg_2__32	0.5995773720192357	0.6445456940794256	3600	B	1800	999	999
z4lbg_2__33	0.7180485257914277	-0.48732667039500416	3600	B	1800	999	999
z4lbg_2__34	-0.055859756733021716	0.2658918164239135	3600	B	1800	999	999
z4lbg_2__35	0.12395814569794986	0.18776611326697612	3600	B	1800	999	999
z4lbg_2__36	-0.3666946401074954	-0.3454574861517358	3600	B	1800	999	999
z4lbg_2__37	-0.04766583866344849	-0.062304104991698195	3600	B	1800	999	999
z4lbg_2__38	-0.4385906286366366	-0.08272263107888035	3600	B	1800	999	999
z4lbg_2__39	0.3873446222939055	-1.0966015535334936	3600	B	1800	999	999
z4lbg_2__40	0.46520136850710414	-0.025610707380876802	3600	B	1800	999	999
z4lbg_2__41	0.6691732272829447	0.565921006354416	3600	B	1800	999	999
z4lbg_2__42	0.35675975508508967	0.5756304449074183	3600	B	1800	999	999
z4lbg_2__43	0.5495254318653353	0.01759173079682295	3600	B	1800	999	999
z4lbg_2__44	-0.06994352350872254	0.7226159728281562	3600	B	1800	999	999
z4lbg_2__45	-0.11312027153825575	-0.154486924409812	3600	B	1800	999	999
z4lbg_2__46	0.5344430609118623	0.784818979028741	3600	B	1800	999	999
z4lbg_2__47	-0.2778440492827839	0.08276168826249305	3600	B	1800	999	999
z4lbg_2__48	0.7252045583183251	0.6825066322343946	3600	B	1800	999	999
z4lbg_2__49	-0.4109921153815499	-0.37072424096350154	3600	B	1800	999	999
z4lbg_2__50	0.458041050377006	-0.41901412910971575	3600	B	1800	999	999
z4lbg_2__51	0.1913904912439574	-0.40455884870641834	3600	B	1800	999	999
z4lbg_2__52	0.34233189546457954	-0.40774407585620787	3600	B	1800	999	999
z4lbg_2__53	-1.0701491209847012	-0.2337869502771026	3600	B	1800	999	999
z4lbg_2__54	-0.016176283115869265	0.05167698102280734	3600	B	1800	999	999
z4lbg_2__55	0.15613209850184775	0.3686845930849039	3600	B	1800	999	999
z4lbg_2__56	-0.24213761844482923	-0.8243443309626858	3600	B	1800	999	999
z4lbg_2__57	-0.3089776503838023	0.23718622773502737	3600	B	1800	999	999
z4lbg_2__58	0.24821136368811542	0.8494869506556568	3600	B	1800	999	999
z4lbg_2__59	0.5308293385075242	-0.13035988840751048	3600	B	1800	999	999
z4lbg_2__60	-0.6883890358342029	-0.22162767585612625	3600	B	1800	999	999
z4lbg_2__61	0.3281999435931783	0.08654770123438159	3600	B	1800	999	999
z4lbg_2__62	0.3968025052140859	0.574448026184406	3600	B	1800	999	999
z4lbg_2__63	0.6823820104379438	-0.5982032848446244	3600	B	1800	999	999
z4lbg_2__64	0.38336056548977665	-0.669511589035405	3600	B	1800	999	999
z4lbg_2__65	-0.11667553255496783	-0.10605161314398466	3600	B	1800	999	999
z4lbg_2__66	-0.4545318141549529	-0.4579350098309082	3600	B	1800	999	999
z4lbg_2__67	1.1452409224582893	-0.389814931109016	3600	B	1800	999	999
z4lbg_2__68	-0.35369758398739376	-1.1089125462609706	3600	B	1800	999	999
z4lbg_2__69	-0.2718293886767095	-0.28766487418232284	3600	B	1800	999	999
z4lbg_2__70	0.18475332799267558	-1.06426839744589	3600	B	1800	999	999
z4lbg_2__71	-0.3804079510595948	-0.032012355068658266	3600	B	1800	999	999
z4lbg_2__72	0.6190243230556635	-0.2409748406753896	3600	B	1800	999	999
z4lbg_2__73	-0.7374451462582277	-0.06366700780819354	3600	B	1800	999	999
z4lbg_2__74	-0.696370757706174	-0.024291306774585752	3600	B	1800	999	999
z4lbg_2__75	-0.4529111935895076	-0.9196841995136268	3600	B	1800	999	999
z4lbg_2__76	0.5502959624440156	-0.6043937985738579	3600	B	1800	999	999
z4lbg_2__77	0.08278663568247135	0.6215875927116402	3600	B	1800	999	999
z4lbg_2__78	0.4009045427349355	-0.10420234237254357	3600	B	1800	999	999
z4lbg_2__79	-0.2475457366466194	-0.044133217959556416	3600	B	1800	999	999
z4lbg_2__80	-0.4936316993954846	-0.47763541487893557	3600	B	1800	999	999
z4lbg_2__81	-0.14946132813485308	-0.2312113380444393	3600	B	1800	999	999
z4lbg_2__82	-0.9735694434464145	-0.6029494285815834	3600	B	1800	999	999
z4lbg_2__83	0.5748337220065811	-0.6365367238806687	3600	B	1800	999	999
z4lbg_2__84	0.9027087671857709	-0.33237697648963954	3600	B	1800	999	999
z4lbg_2__85	0.5642435859727717	-0.7069821647561342	3600	B	1800	999	999
z4lbg_2__86	0.25721177855974836	-0.6739485260757213	3600	B	1800	999	999
z4lbg_2__87	0.5078326856341497	0.030697026639441967	3600	B	1800	999	999
z4lbg_2__88	0.05311684233849252	-0.6095143243297987	3600	B	1800	999	999
z4lbg_2__89	-0.40021932809450855	0.22092867580710418	3600	B	1800	999	999
z4lbg_2__90	1.043002409871083	0.28881747617806564	3600	B	1800	999	999
z4lbg_2__91	-0.5568271845483055	0.05750566367853009	3600	B	1800	999	999
z4lbg_2__92	-0.24719912961139032	-0.43937504646110787	3600	B	1800	999	999
z4lbg_2__93	1.0785167479658395	0.22568591173589303	3600	B	1800	999	999
z4lbg_2__94	0.25369021264633035	0.9747181538837365	3600	B	1800	999	999
z4lbg_2__95	-0.19788951697910098	0.3416896798801584	3600	B	1800	999	999
z4lbg_2__96	0.719932013050197	-0.674137337971071	3600	B	1800	999	999
z4lbg_2__97	-0.1480947154885047	0.14838975377227867	3600	B	1800	999	999
z4lbg_2__98	0.9892894832763028	-0.16773196495180034	3600	B	1800	999	999
z4lbg_2__99	-0.17843011049477717	0.5445651140211176	3600	B	1800	999	999
z4lbg_2__100	-0.5142221155767711	0.30166787577040816	3600	B	1800	999	999
z4lbg_2__101	0.269396295230292	0.3604477659124935	3600	B	1800	999	999
z4lbg_2__102	-0.4320478192503687	-0.43103202573347243	3600	B	1800	999	999
z4lbg_2__103	0.13586984697485013	-0.43351459432926637	3600	B	1800	999	999
z4lbg_2__104	-0.05301464864760483	-0.18913337700227345	3600	B	1800	999	999
z4lbg_2__105	0.18496157596700735	-0.832074095764857	3600	B	1800	999	999
z4lbg_2__106	0.24771152646606995	-1.2445967413744037	3600	B	1800	999	999
z4lbg_2__107	0.3312990117380205	0.16792898981016485	3600	B	1800	999	999
z4lbg_2__108	0.63986904634802	-0.6365957519905365	3600	B	1800	999	999
z4lbg_2__109	1.1969494472640074	-0.3578912435582368	3600	B	1800	999	999
z4lbg_2__110	-0.7030653004855034	-0.28599509457268946	3600	B	1800	999	999
z4lbg_2__111	0.8502092169845683	-0.3493663246196474	3600	B	1800	999	999
z4lbg_2__112	-0.8326542021091593	-0.23861963112702989	3600	B	1800	999	999
z4lbg_2__113	-0.4627428411277598	0.38691790805590964	3600	B	1800	999	999
z4lbg_2__114	1.0983139118673604	-0.5297656466979679	3600	B	1800	999	999
z4lbg_2__115	0.6973776075116682	-0.39725865208978633	3600	B	1800	999	999
z4lbg_2__116	-0.4762014670325655	-1.2961632461084043	3600	B	1800	999	999
z4lbg_2__117	0.7649550096564587	0.5497807887259807	3600	B	1800	999	999
z4lbg_2__118	0.8897990930499381	-0.30402911332399624	3600	B	1800	999	999
z4lbg_2__119	0.37056726746314805	0.013527106714899437	3600	B	1800	999	999
z4lbg_2__120	0.8835495846543207	0.4583683219583103	3600	B	1800	999	999
z4lbg_2__121	0.3017695020650451	0.18305613975369206	3600	B	1800	999	999
z4lbg_2__122	0.031039768417079432	-0.9120398945809739	3600	B	1800	999	999
z4lbg_2__123	0.5063358681239936	0.24678597160403049	3600	B	1800	999	999
z4lbg_2__124	-0.5638775680334558	0.3636789630015187	3600	B	1800	999	999
z4lbg_2__125	-0.097985298547902	-0.4342125069485296	3600	B	1800	999	999
z4lbg_2__126	-0.3633418102266205	0.4352270751368169	3600	B	1800	999	999
z4lbg_2__127	-0.11165671009845615	-0.5114809372414477	3600	B	1800	999	999
z4lbg_2__128	0.2508432880712409	0.4745193176420652	3600	B	1800	999	999
z4lbg_2__129	-0.6763065740778288	-0.4716665743014336	3600	B	1800	999	999
z4lbg_2__130	0.528177562848461	0.893142333567589	3600	B	1800	999	999
z4lbg_2__131	1.0894263780764237	-0.08724532755214333	3600	B	1800	999	999
z4lbg_2__132	0.5570512341752113	-0.19395099171052288	3600	B	1800	999	999
z4lbg_2__133	0.23960061985123213	-0.7831983448878722	3600	B	1800	999	999
z4lbg_2__134	-0.19564721260630696	0.25676349803426046	3600	B	1800	999	999
z4lbg_2__135	0.7666043046822183	0.3421607570312807	3600	B	1800	999	999
z4lbg_2__136	0.2220903954914198	0.40971714957869754	3600	B	1800	999	999
z4lbg_2__137	-0.08245772654412001	-0.19725690640604757	3600	B	1800	999	999
z4lbg_2__138	-0.5888446939754465	0.21834210109097615	3600	B	1800	999	999
z4lbg_2__139	0.06691059714240463	0.6256383763485631	3600	B	1800	999	999
z4lbg_2__140	-0.18226746660949303	0.24888281224345643	3600	B	1800	999	999
z4lbg_2__141	-0.050633996408885364	-0.674504747563381	3600	B	1800	999	999
z4lbg_2__142	0.7437026808814354	0.27292907009724876	3600	B	1800	999	999
z4lbg_2__143	-0.3491098256798425	-0.1701779833553227	3600	B	1800	999	999
z4lbg_2__144	-1.1454622322839614	-0.37498454316348795	3600	B	1800	999	999
z4lbg_2__145	-0.7608088326809797	-0.2660745994000037	3600	B	1800	999	999
z4lbg_2__146	-0.3225183445366943	0.06064167850610646	3600	B	1800	999	999
z4lbg_2__147	-0.20729877442264036	-0.7624703800465545	3600	B	1800	999	999
z4lbg_2__148	-0.08794233859205113	-0.1554218562785608	3600	B	1800	999	999
z4lbg_2__149	-0.08306850915414374	-0.9498650454867601	3600	B	1800	999	999
z4lbg_2__150	-0.7037265267513081	-0.8530647399239923	3600	B	1800	999	999
z4lbg_2__151	0.07198676739678475	-0.9329037774194086	3600	B	1800	999	999
z4lbg_2__152	0.4385761502488015	0.5610441439875357	3600	B	1800	999	999
z4lbg_2__153	-0.8608146451909554	-0.9897642603923289	3600	B	1800	999	999
z4lbg_2__154	-0.3614174655297505	0.09738670390698358	3600	B	1800	999	999
z4lbg_2__155	0.26317801355988135	-0.3879696300768826	3600	B	1800	999	999
z4lbg_2__156	0.8693134570211444	0.48665939351148296	3600	B	1800	999	999
z4lbg_2__157	0.13103657992675977	0.4830936988816531	3600	B	1800	999	999
z4lbg_2__158	0.5320368577343666	0.9455700736162188	3600	B	1800	999	999
z4lbg_2__159	0.19713440141193106	-0.9485834036764198	3600	B	1800	999	999
z4lbg_2__160	0.5388110221824709	0.01349273094715027	3600	B	1800	999	999
z4lbg_2__161	0.12421045457157907	0.38550607027662076	3600	B	1800	999	999
z4lbg_2__162	0.6848368665602395	-0.05439895504704358	3600	B	1800	999	999
z4lbg_2__163	0.4494985087003858	0.3601097503361473	3600	B	1800	999	999
z4lbg_2__164	-0.2183767404180488	0.24800957277121063	3600	B	1800	999	999
z4lbg_2__165	0.9822351839340561	-0.6617059595757491	3600	B	1800	999	999
z4lbg_2__166	-0.6120281875241033	-0.7594411727964563	3600	B	1800	999	999
z4lbg_2__167	-0.1560674499317661	0.4663336033445021	3600	B	1800	999	999
z4lbg_2__168	-0.38127176472345875	-1.412707582589173	3600	B	1800	999	999
z4lbg_2__169	-0.6326977264700098	0.0015972515870914632	3600	B	1800	999	999
z4lbg_2__170	-0.08619632863039696	0.13539059469767384	3600	B	1800	999	999
z4lbg_2__171	-0.25378864309773447	-0.8111843621445068	3600	B	1800	999	999
z4lbg_2__172	0.20654313412169928	-0.6076380581903853	3600	B	1800	999	999
z4lbg_2__173	-0.7087571590165913	-0.9282848630402686	3600	B	1800	999	999
z4lbg_2__174	-0.6782945891096106	-0.9456377410547303	3600	B	1800	999	999
z4lbg_2__175	0.6709836803806929	0.48847557989925033	3600	B	1800	999	999
z4lbg_2__176	0.23072984312997835	-0.9487801511102799	3600	B	1800	999	999
z4lbg_2__177	-0.2843166017701529	0.5490301775331614	3600	B	1800	999	999
z4lbg_2__178	-0.5865304666244069	-0.11653202393467263	3600	B	1800	999	999
z4lbg_2__179	-0.40973995048610046	0.19679252262061406	3600	B	1800	999	999
z4lbg_2__180	1.088880670541451	0.6077517824670902	3600	B	1800	999	999
z4lbg_2__181	0.45233125103212246	0.581924043368193	3600	B	1800	999	999
z4lbg_2__182	1.0792329143263655	0.6104977365670781	3600	B	1800	999	999
z4lbg_2__183	-0.11416565356722437	0.08554166449351648	3600	B	1800	999	999
z4lbg_2__184	1.0866732188521386	0.31871541986905144	3600	B	1800	999	999
z4lbg_2__185	-0.2048026346603482	-0.8508067265312144	3600	B	1800	999	999
z4lbg_2__186	0.2842822632769626	-0.44334358530814466	3600	B	1800	999	999
z4lbg_2__187	0.521771524852437	0.3729404605758862	3600	B	1800	999	999
z4lbg_2__188	0.7842186679388826	-0.3695890506158614	3600	B	1800	999	999
z4lbg_2__189	-0.001001266374074536	-0.2327942535288697	3600	B	1800	999	999
z4lbg_2__190	-0.4431447418940799	0.09805158499818362	3600	B	1800	999	999
z4lbg_2__191	-0.3403247741037374	0.22291986931950827	3600	B	1800	999	999
z4lbg_2__192	0.3166506770505435	0.5743947528663367	3600	B	1800	999	999
z4lbg_2__193	0.13722044375040884	-0.32615301952889625	3600	B	1800	999	999
z4lbg_2__194	0.602044899751442	0.4024236266676943	3600	B	1800	999	999
z4lbg_2__195	0.7210334559185402	-0.8928947777197016	3600	B	1800	999	999
z4lbg_2__196	0.6884116254868691	0.48984054598151655	3600	B	1800	999	999
z4lbg_2__197	0.286456025499482	0.6615847599662	3600	B	1800	999	999
z4lbg_2__198	-0.33325643050343967	0.15104335788295967	3600	B	1800	999	999
z4lbg_2__199	-0.07440311289727351	0.7209989288569613	3600	B	1800	999	999
z4lbg_2__200	0.006892671173456306	0.8698643808895095	3600	B	1800	999	999
z4lbg_2__201	0.3770629035206273	0.836371817979822	3600	B	1800	999	999
z4lbg_2__202	0.7878262922412212	-0.7450221752099874	3600	B	1800	999	999
z4lbg_2__203	-0.9168485357512802	0.03624246503486357	3600	B	1800	999	999
z4lbg_2__204	1.4078704726493758	-0.0991393775356047	3600	B	1800	999	999
z4lbg_2__205	0.9058485089659096	0.6122256785540732	3600	B	1800	999	999
z4lbg_2__206	-0.6780326345513058	-0.6684916311709449	3600	B	1800	999	999
z4lbg_2__207	-0.9674014289349988	-0.3098954985765231	3600	B	1800	999	999
z4lbg_2__208	-0.30060539723501223	-0.1121889188003395	3600	B	1800	999	999
z4lbg_2__209	0.253236426199058	-0.4067681580745486	3600	B	1800	999	999
z4lbg_2__210	0.15395676273912556	-0.555036932093935	3600	B	1800	999	999
z4lbg_2__211	1.2820160578702389	0.2031930403122829	3600	B	1800	999	999
z4lbg_2__212	0.5522626697135822	0.4412829390543318	3600	B	1800	999	999
z4lbg_2__213	-0.21661070017868936	0.0018490375191174274	3600	B	1800	999	999
z4lbg_2__214	0.40561238365778024	-0.9517146019049009	3600	B	1800	999	999
z4lbg_2__215	-0.7516370501217483	-0.346496548923955	3600	B	1800	999	999
z4lbg_2__216	0.45058959873686066	-0.12449015669683416	3600	B	1800	999	999
z4lbg_2__217	-0.8684736014573935	-0.4164494978966119	3600	B	1800	999	999
z4lbg_2__218	0.3208414726619207	0.11282137420150844	3600	B	1800	999	999
z4lbg_2__219	-0.08870651284481065	0.6036079611909188	3600	B	1800	999	999
z4lbg_2__220	-0.481215687915225	0.4850511785936312	3600	B	1800	999	999
z4lbg_2__221	0.8537037071058934	-0.20730163795849313	3600	B	1800	999	999
z4lbg_2__222	-0.4891730546085744	-0.2782463478155911	3600	B	1800	999	999
z4lbg_2__223	0.292400386776475	0.3019738506266254	3600	B	1800	999	999
z4lbg_2__224	-1.0651725710462194	-0.6081939023622039	3600	B	1800	999	999
z4lbg_2__225	0.3551270930079737	0.3424623385863482	3600	B	1800	999	999
z4lbg_2__226	1.2350638498571156	0.14673250845095212	3600	B	1800	999	999
z4lbg_2__227	-0.5258438156925849	-0.3772182708718041	3600	B	1800	999	999
z4lbg_2__228	-0.6759960380474221	-0.45252603550778386	3600	B	1800	999	999
z4lbg_2__229	0.49673368171716253	-0.12269929275484057	3600	B	1800	999	999
z4lbg_2__230	0.7801413142110987	-0.11195679466385444	3600	B	1800	999	999
z4lbg_2__231	-0.038480436203652935	-0.661799449199021	3600	B	1800	999	999
z4lbg_2__232	0.03792643918270839	-0.6548700385653448	3600	B	1800	999	999
z4lbg_2__233	0.4660851823582175	0.0986746356034949	3600	B	1800	999	999
z4lbg_2__234	0.31322685702895203	-0.9057878934817787	3600	B	1800	999	999
z4lbg_2__235	0.6920704101258736	-0.5297066994434415	3600	B	1800	999	999
z4lbg_2__236	-0.22946347930450667	0.40347949520065357	3600	B	1800	999	999
z4lbg_2__237	0.022286055943072928	0.6471404358766703	3600	B	1800	999	999
z4lbg_2__238	0.2547633028168653	-0.7018483069730526	3600	B	1800	999	999
z4lbg_2__239	0.4909668797335688	-0.6637648352080884	3600	B	1800	999	999
z4lbg_2__240	-0.8265239713777623	-0.1692365022897107	3600	B	1800	999	999
z4lbg_2__241	-0.9493209528205295	0.029111112861408727	3600	B	1800	999	999
z4lbg_2__242	0.1130644970088776	0.44520340762905547	3600	B	1800	999	999
z4lbg_2__243	0.7195957607500135	-0.5120974367146472	3600	B	1800	999	999
z4lbg_2__244	0.17536339560605235	-0.2092981167526718	3600	B	1800	999	999
z4lbg_2__245	0.5822364436982741	-0.06838562605132571	3600	B	1800	999	999
z4lbg_2__246	0.6727273636126025	-0.942914829721337	3600	B	1800	999	999
z4lbg_2__247	0.6938468972695493	0.21101834609217507	3600	B	1800	999	999
z4lbg_2__248	0.7183627010241584	0.008387161518619709	3600	B	1800	999	999
z4lbg_2__249	-0.2605820720582905	-0.12216657469470577	3600	B	1800	999	999
z4lbg_2__250	-0.47589411098774465	-0.3636274107452516	3600	B	1800	999	999
z4lbg_2__251	0.9593676111492212	0.6650344598921354	3600	B	1800	999	999
z4lbg_2__252	-0.78288936576051	0.011651070698062403	3600	B	1800	999	999
z4lbg_2__253	-0.06227423514637863	0.6830103381468002	3600	B	1800	999	999
z4lbg_2__254	-0.8534657505791048	0.15466268085075555	3600	B	1800	999	999
z4lbg_2__255	0.5027925225623783	0.2503077964420901	3600	B	1800	999	999
z4lbg_2__256	1.0114140221983385	-0.20639120217931234	3600	B	1800	999	999
z4lbg_2__257	0.19918115981923495	-0.8822909685959739	3600	B	1800	999	999
z4lbg_2__258	0.053425499001038136	0.8279280472070354	3600	B	1800	999	999
z4lbg_2__259	-0.43086771810441504	-0.6326973244465779	3600	B	1800	999	999
z4lbg_2__260	0.2973982288281951	-0.7590272608620002	3600	B	1800	999	999
z4lbg_2__261	0.1378755543663091	-0.6573602903241338	3600	B	1800	999	999
z4lbg_2__262	0.08835277916656457	-0.631662724575926	3600	B	1800	999	999
z4lbg_2__263	0.37865480483130287	-0.3220133697822846	3600	B	1800	999	999
z4lbg_2__264	-0.28733595748641977	-0.2901696371756858	3600	B	1800	999	999
z4lbg_2__265	0.5893629579251781	0.3511338177909428	3600	B	1800	999	999
z4lbg_2__266	0.8355452116766454	0.9162710183107129	3600	B	1800	999	999
z4lbg_2__267	-0.9938027427452729	-0.22824054819928558	3600	B	1800	999	999
z4lbg_2__268	0.20601489305160664	-0.445843768837864	3600	B	1800	999	999
z4lbg_2__269	0.13792928564709603	0.1711931884859952	3600	B	1800	999	999
z4lbg_2__270	-0.012594615081956351	0.8073879279370666	3600	B	1800	999	999
z4lbg_2__271	-0.043104252843729575	-0.5717635942183529	3600	B	1800	999	999
z4lbg_2__272	-0.7522879959502858	-0.044034492694000275	3600	B	1800	999	999
z4lbg_2__273	0.3348175336825498	-0.17281467882655832	3600	B	1800	999	999
z4lbg_2__274	-0.1413049752740858	0.6292500948496631	3600	B	1800	999	999
z4lbg_2__275	-0.315163908837796	-0.3874875854632998	3600	B	1800	999	999
z4lbg_2__276	-0.7976029960472952	-0.7652511193499909	3600	B	1800	999	999
z4lbg_2__277	0.857158883370721	0.8333160422957941	3600	B	1800	999	999
z4lbg_2__278	0.09616028422050915	-0.47242450549238035	3600	B	1800	999	999
z4lbg_2__279	-0.45815479089191447	-0.024982502423760815	3600	B	1800	999	999
z4lbg_2__280	0.035516148684074614	0.9610560560749444	3600	B	1800	999	999
z4lbg_2__281	-0.11506475107621188	-0.7683244618165145	3600	B	1800	999	999
z4lbg_2__282	-0.06991815774622646	-1.007877088389512	3600	B	1800	999	999
z4lbg_2__283	0.035855939642874216	0.3333905647669161	3600	B	1800	999	999
z4lbg_2__284	-0.10835556653991726	-0.9021790525097313	3600	B	1800	999	999
z4lbg_2__285	-0.31940507900005755	-0.23740613029703564	3600	B	1800	999	999
z4lbg_2__286	0.3154899108368304	0.6836534783167834	3600	B	1800	999	999
z4lbg_2__287	-0.12123229831422103	0.9246744500424164	3600	B	1800	999	999
z4lbg_2__288	0.888850093126768	0.08749574467463393	3600	B	1800	999	999
z4lbg_2__289	0.9479763500683205	0.015441701202386634	3600	B	1800	999	999
z4lbg_2__290	-0.3146998298546225	0.3005130065167586	3600	B	1800	999	999
z4lbg_2__291	-0.3218166209375633	0.11689823669878369	3600	B	1800	999	999
z4lbg_2__292	-0.12332371239208345	-0.35036996728869324	3600	B	1800	999	999
z4lbg_2__293	0.24833687238524768	0.27166320735833877	3600	B	1800	999	999
z4lbg_2__294	0.3628050417381561	-0.34168769045478786	3600	B	1800	999	999
z4lbg_2__295	0.015519101539418663	-0.34308874346883855	3600	B	1800	999	999
z4lbg_2__296	-0.6592501337694364	0.3191773840293514	3600	B	1800	999	999
z4lbg_2__297	0.93271131730798	0.13983068091084302	3600	B	1800	999	999
z4lbg_2__298	0.4495287147933985	-0.7340116166922174	3600	B	1800	999	999
z4lbg_2__299	0.7688365519695861	0.5602785251037088	3600	B	1800	999	999
z4lbg_2__300	0.07751737484105328	0.5984628005577003	3600	B	1800	999	999
z4lbg_2__301	0.8371608296053875	0.09569653848262578	3600	B	1800	999	999
z4lbg_2__302	-0.6278156176451218	-0.026782469451222077	3600	B	1800	999	999
z4lbg_2__303	-0.7588555121801828	-0.43076070287002766	3600	B	1800	999	999
z4lbg_2__304	0.701073943452798	0.3689171796299156	3600	B	1800	999	999
z4lbg_2__305	-0.13252376069310517	-0.5317300270136928	3600	B	1800	999	999
z4lbg_2__306	-0.4470032601549834	-0.41653380213360686	3600	B	1800	999	999
z4lbg_2__307	-0.005811602708508903	0.18969129126332224	3600	B	1800	999	999
z4lbg_2__308	0.11268302136440209	0.8388407034799057	3600	B	1800	999	999
z4lbg_2__309	-0.035001305010502484	0.10445218130792053	3600	B	1800	999	999
z4lbg_2__310	0.0938521453698026	-0.5905812358738418	3600	B	1800	999	999
z4lbg_2__311	-0.8197008985714163	-0.6476299053407945	3600	B	1800	999	999
z4lbg_2__312	0.6255181952330147	-0.09606456350291187	3600	B	1800	999	999
z4lbg_2__313	0.11536408524269472	-1.0620819620964304	3600	B	1800	999	999
z4lbg_2__314	-0.11153471112745614	-0.5941029862830977	3600	B	1800	999	999
z4lbg_2__315	0.07161642733099968	0.4965189568592157	3600	B	1800	999	999
z4lbg_2__316	0.16123151011930928	0.7749554983137414	3600	B	1800	999	999
z4lbg_2__317	0.20058236329890639	-0.2798926740613135	3600	B	1800	999	999
z4lbg_2__318	1.1487409573922087	0.32231600901094576	3600	B	1800	999	999
z4lbg_2__319	-0.5179619894667825	-0.346919554988615	3600	B	1800	999	999
z4lbg_2__320	-0.7267166801199141	0.07831079648642034	3600	B	1800	999	999
z4lbg_2__321	-0.06607721895797465	-1.036610392149705	3600	B	1800	999	999
z4lbg_2__322	-0.459333424338201	0.08790820573350737	3600	B	1800	999	999
z4lbg_2__323	-0.6950195796822544	-0.34165515137991387	3600	B	1800	999	999
z4lbg_2__324	-0.36802595504151153	-0.40103527247789983	3600	B	1800	999	999
z4lbg_2__325	0.6780351840516943	-0.02758869034031973	3600	B	1800	999	999
z4lbg_2__326	1.0205637831397711	-0.2825768159899766	3600	B	1800	999	999
z4lbg_2__327	-0.14107719522153506	-0.8036768492630294	3600	B	1800	999	999
z4lbg_2__328	-0.2585951765478766	-0.6936307124059227	3600	B	1800	999	999
z4lbg_2__329	0.07860029199551881	-0.21371321890893308	3600	B	1800	999	999
z4lbg_2__330	0.11620024112668671	-0.07146627894391729	3600	B	1800	999	999
z4lbg_2__331	-0.5191672936475417	0.18536231852147023	3600	B	1800	999	999
z4lbg_2__332	-0.633417081143577	-1.0296184060110185	3600	B	1800	999	999
z4lbg_2__333	-0.4464557795000622	-0.6252682092440026	3600	B	1800	999	999
z4lbg_2__334	0.27374732682921604	0.4792671856687243	3600	B	1800	999	999
z4lbg_2__335	-0.35683979814486777	0.4526806507587126	3600	B	1800	999	999
z4lbg_2__336	-0.05459758227877083	-0.8575087999846328	3600	B	1800	999	999
z4lbg_2__337	-0.1349638350231573	0.11433527758133984	3600	B	1800	999	999
z4lbg_2__338	0.19647555875111425	0.46165646323594023	3600	B	1800	999	999
z4lbg_2__339	-0.6443414013435205	0.3344824391500699	3600	B	1800	999	999
z4lbg_2__340	0.24555944054794832	0.5242855142778347	3600	B	1800	999	999
z4lbg_2__341	-0.18109634622793697	0.6824510084136095	3600	B	1800	999	999
z4lbg_2__342	-0.30958477521588523	0.047275624603699995	3600	B	1800	999	999
z4lbg_2__343	0.3783176538034291	-0.25964285535292153	3600	B	1800	999	999
z4lbg_2__344	-0.08968122582954238	0.579145474561985	3600	B	1800	999	999
z4lbg_2__345	-0.17683550098439293	-0.08451939137083304	3600	B	1800	999	999
z4lbg_2__346	-0.39556047284329937	-0.41640768216159363	3600	B	1800	999	999
z4lbg_2__347	0.017115485861189276	0.21015091961324928	3600	B	1800	999	999
z4lbg_2__348	0.7058823151431985	0.7794915054596518	3600	B	1800	999	999
z4lbg_2__349	-0.3931624319774548	0.34242151905747187	3600	B	1800	999	999
z4lbg_2__350	0.21926728833751358	-0.9207944530617227	3600	B	1800	999	999
z4lbg_2__351	0.41371728038843736	-0.8043794328310546	3600	B	1800	999	999
z4lbg_2__352	-0.40934756680492745	0.033474251432997426	3600	B	1800	999	999
z4lbg_2__353	0.7018339366552657	-0.5150008601992236	3600	B	1800	999	999
z4lbg_2__354	0.16862787879506191	0.5961542494683848	3600	B	1800	999	999
z4lbg_2__355	0.42144804788431695	-0.9533761932828935	3600	B	1800	999	999
z4lbg_2__356	-0.5770895077147837	-0.0837898434470672	3600	B	1800	999	999
z4lbg_2__357	0.2124838115020625	-0.3913412758612569	3600	B	1800	999	999
z4lbg_2__358	0.3362231334686596	-0.5687716369457149	3600	B	1800	999	999
z4lbg_2__359	-0.6215901822843035	0.4698010696007031	3600	B	1800	999	999
z4lbg_2__360	-0.6568076997613376	-0.6769125845418671	3600	B	1800	999	999
z4lbg_2__361	0.2687686056950777	0.8169541363073252	3600	B	1800	999	999
z4lbg_2__362	-0.13318324378854357	0.335175812879098	3600	B	1800	999	999
z4lbg_2__363	0.30242875771085775	-0.3568536628905329	3600	B	1800	999	999
z4lbg_2__364	-0.2647052719368951	-0.7531278343854407	3600	B	1800	999	999
z4lbg_2__365	1.438253127966045	-0.05989097912084585	3600	B	1800	999	999
z4lbg_2__366	-0.2651779194566549	0.5731168724844807	3600	B	1800	999	999
z4lbg_2__367	0.025694666813575212	0.2973604150568813	3600	B	1800	999	999
z4lbg_2__368	0.8586028179024519	-0.5300524455655063	3600	B	1800	999	999
z4lbg_2__369	0.2500524927043382	-0.16229735581872168	3600	B	1800	999	999
z4lbg_2__370	-0.3811315186215041	0.0013984351836563783	3600	B	1800	999	999
z4lbg_2__371	0.32378849512918134	1.065766770386296	3600	B	1800	999	999
z4lbg_2__372	-0.23946789350759662	0.5868465593034681	3600	B	1800	999	999
z4lbg_2__373	1.1909310933168682	-0.1493365941064943	3600	B	1800	999	999
z4lbg_2__374	0.10628665393919093	-0.20559798387209346	3600	B	1800	999	999
z4lbg_2__375	-0.6079113909713837	-0.7692743989512116	3600	B	1800	999	999
z4lbg_2__376	0.9608605407551444	0.7631674705482234	3600	B	1800	999	999
z4lbg_2__377	0.7569162882223259	0.47952050094649656	3600	B	1800	999	999
z4lbg_2__378	1.0166970993825106	0.008089522334764676	3600	B	1800	999	999
z4lbg_2__379	-0.7407200093145412	-0.2464427174839765	3600	B	1800	999	999
z4lbg_2__380	-0.15225678910365917	-1.0682765253232	3600	B	1800	999	999
z4lbg_2__381	-0.5384456942143834	-0.11676305022544407	3600	B	1800	999	999
z4lbg_2__382	0.43377252244241216	-0.449304186477013	3600	B	1800	999	999
z4lbg_2__383	0.3139550446176517	-0.6304467477035086	3600	B	1800	999	999
z4lbg_2__384	0.3860932444571782	-1.1212746064680115	3600	B	1800	999	999
z4lbg_2__385	0.3893387785377297	0.3397747331528129	3600	B	1800	999	999
z4lbg_2__386	-0.2547841962571812	-0.38481299095384547	3600	B	1800	999	999
z4lbg_2__387	-0.11238461081961269	0.19508075160525537	3600	B	1800	999	999
z4lbg_2__388	-0.23757142005131165	0.2777678274593965	3600	B	1800	999	999
z4lbg_2__389	0.03507509442233686	0.19982995420952926	3600	B	1800	999	999
z4lbg_2__390	0.841475126483139	-0.32673249269049154	3600	B	1800	999	999
z4lbg_2__391	-0.5859728609166144	-1.0528932117075518	3600	B	1800	999	999
z4lbg_2__392	-0.975480608689589	-0.20889952665720365	3600	B	1800	999	999
z4lbg_2__393	-0.23038598284805037	-0.704923841021313	3600	B	1800	999	999
z4lbg_2__394	0.49402403430084374	0.45577984202357097	3600	B	1800	999	999
z4lbg_2__395	-0.09656633394401955	0.3724641125680034	3600	B	1800	999	999
z4lbg_2__396	-0.11687102586912711	0.19605246627451667	3600	B	1800	999	999
z4lbg_2__397	-0.2306060346052377	-0.7910399920577428	3600	B	1800	999	999
z4lbg_2__398	-0.3067889396639346	-0.03020748341913462	3600	B	1800	999	999
z4lbg_2__399	-0.10650224134091094	0.4749211583382958	3600	B	1800	999	999
z4lbg_2__400	-0.621304976149098	0.1624236496390439	3600	B	1800	999	999
z4lbg_2__401	-0.23434390378865966	0.109413904742488	3600	B	1800	999	999
z4lbg_2__402	0.390076500488693	0.3036851120493991	3600	B	1800	999	999
z4lbg_2__403	-0.37133202969882095	0.04270593664969023	3600	B	1800	999	999
z4lbg_2__404	0.5475106489810297	0.8689762580645334	3600	B	1800	999	999
z4lbg_2__405	0.5100596885850756	0.5989103897415795	3600	B	1800	999	999
z4lbg_2__406	0.41738199568628265	0.2540658355375427	3600	B	1800	999	999
z4lbg_2__407	0.7799370677247641	1.0330386248458052	3600	B	1800	999	999
z4lbg_2__408	-0.27110780781395505	0.27366601305415467	3600	B	1800	999	999
z4lbg_2__409	-0.1760921852876438	-0.6881025456074675	3600	B	1800	999	999
z4lbg_2__410	-0.19114215995675102	-1.2384462533087106	3600	B	1800	999	999
z4lbg_2__411	-0.4132351909210413	-0.42263048695794697	3600	B	1800	999	999
z4lbg_2__412	-0.05853409420051356	0.5298690971468383	3600	B	1800	999	999
z4lbg_2__413	-0.44876048468607654	0.09810975519586428	3600	B	1800	999	999
z4lbg_2__414	-0.0758387214933013	0.1563406401407994	3600	B	1800	999	999
z4lbg_2__415	-0.17129158996886257	0.5421699264663552	3600	B	1800	999	999
z4lbg_2__416	1.050415768072764	0.4746735825640662	3600	B	1800	999	999
z4lbg_2__417	0.10674725168023556	-0.14013974097082282	3600	B	1800	999	999
z4lbg_2__418	0.18509548345578805	0.32180560128825947	3600	B	1800	999	999
z4lbg_2__419	-0.02913510369826397	0.674788643218054	3600	B	1800	999	999
z4lbg_2__420	-0.42870314853787683	0.026608436578866846	3600	B	1800	999	999
z4lbg_2__421	-0.5824213857244313	-0.3757440683335507	3600	B	1800	999	999
z4lbg_2__422	0.4106834420538459	0.025874374243558634	3600	B	1800	999	999
z4lbg_2__423	1.463086170781819	0.08962703375543715	3600	B	1800	999	999
z4lbg_2__424	0.34393525336112835	0.5922085769676235	3600	B	1800	999	999
z4lbg_2__425	0.7471247266204487	-0.4261026684562948	3600	B	1800	999	999
z4lbg_2__426	1.0830682718531566	-0.360664518482095	3600	B	1800	999	999
z4lbg_2__427	-0.5329368385894334	0.36523106554410995	3600	B	1800	999	999
z4lbg_2__428	-0.914248622227335	-0.08976775209824679	3600	B	1800	999	999
z4lbg_2__429	-0.3988488196911507	-0.6936915685477792	3600	B	1800	999	999
z4lbg_2__430	0.0805150564048918	0.3837736589307633	3600	B	1800	999	999
z4lbg_2__431	-0.7441248330007308	-0.17372031351391184	3600	B	1800	999	999
z4lbg_2__432	0.9393523225111415	0.2519917127552127	3600	B	1800	999	999
z4lbg_2__433	0.34701992075817994	0.38649025409857185	3600	B	1800	999	999
z4lbg_2__434	-0.2274539251515003	0.33431020454489074	3600	B	1800	999	999
z4lbg_2__435	-0.02920136105753122	0.29522102855183685	3600	B	1800	999	999
z4lbg_2__436	-0.16914480416789682	-0.09968415441873127	3600	B	1800	999	999
z4lbg_2__437	0.5258828179958893	-0.3775301746179321	3600	B	1800	999	999
z4lbg_2__438	-0.047585709218375655	0.9265322420056233	3600	B	1800	999	999
z4lbg_2__439	-0.16260046862000627	0.5132201577397426	3600	B	1800	999	999
z4lbg_2__440	0.02232280281225479	-0.1437155645800352	3600	B	1800	999	999
z4lbg_2__441	-0.28825288249584635	-0.06557180553355164	3600	B	1800	999	999
z4lbg_2__442	-0.3124982954256439	-0.5533084486965859	3600	B	1800	999	999
z4lbg_2__443	0.38934097237033016	0.23196563086057992	3600	B	1800	999	999
z4lbg_2__444	-0.2488775065909418	0.6944051975265884	3600	B	1800	999	999
z4lbg_2__445	0.003112869177296952	0.44600980165181425	3600	B	1800	999	999
z4lbg_2__446	-0.11923332525424424	0.08882130856336867	3600	B	1800	999	999
z4lbg_2__447	-0.2625584284091912	0.8637872617272191	3600	B	1800	999	999
z4lbg_2__448	0.9862037198674058	0.40006802580969786	3600	B	1800	999	999
z4lbg_2__449	0.791873770562184	0.24046126746075597	3600	B	1800	999	999
z4lbg_2__450	-0.6607973814611351	0.2836323350980223	3600	B	1800	999	999
z4lbg_2__451	-0.17869260215360017	0.5572732939083385	3600	B	1800	999	999
z4lbg_2__452	0.5923678182729943	0.3412682088593834	3600	B	1800	999	999
z4lbg_2__453	0.4798224415704525	0.018487576257257905	3600	B	1800	999	999
z4lbg_2__454	-0.3713174807317869	0.11992431468277967	3600	B	1800	999	999
z4lbg_2__455	-0.1125466117937623	0.46443784385376236	3600	B	1800	999	999
z4lbg_2__456	0.23900034271267767	-0.044425742626816055	3600	B	1800	999	999
z4lbg_2__457	0.20682822153811575	0.7317149159520333	3600	B	1800	999	999
z4lbg_2__458	-0.46503797137159947	0.2528802909014425	3600	B	1800	999	999
z4lbg_2__459	0.287104266605743	0.847162788870981	3600	B	1800	999	999
z4lbg_2__460	0.9584924044750721	-0.29067700473953034	3600	B	1800	999	999
z4lbg_2__461	0.3078676092349435	0.7034580007306881	3600	B	1800	999	999
z4lbg_2__462	1.047443923566782	0.4131040639592876	3600	B	1800	999	999
z4lbg_2__463	0.87368025219571	0.5556726837297985	3600	B	1800	999	999
z4lbg_2__464	0.6981204850814583	0.126960492303107	3600	B	1800	999	999
z4lbg_2__465	-0.5409374588031839	-0.07258240752923366	3600	B	1800	999	999
z4lbg_2__466	-0.23298104192089358	0.5024997033907613	3600	B	1800	999	999
z4lbg_2__467	0.8339454387358207	-0.016809185800239792	3600	B	1800	999	999
z4lbg_2__468	0.41585139794698517	0.12405279673314693	3600	B	1800	999	999
z4lbg_2__469	-0.8919701220329243	0.07508256134209916	3600	B	1800	999	999
z4lbg_2__470	-0.6756720500441834	0.2665154466701531	3600	B	1800	999	999
z4lbg_2__471	-0.3461274134865079	0.496003852218438	3600	B	1800	999	999
z4lbg_2__472	0.31734861475545695	-0.7025409177088069	3600	B	1800	999	999
z4lbg_2__473	0.6486649066428788	-0.052245119557863026	3600	B	1800	999	999
z4lbg_2__474	-0.7625694073434991	0.31046173427261703	3600	B	1800	999	999
z4lbg_2__475	-0.33313673975712	0.24937151203345248	3600	B	1800	999	999
z4lbg_2__476	0.5636779033209255	-0.5207982265768252	3600	B	1800	999	999
z4lbg_2__477	0.2419069316927011	-0.17811315342143091	3600	B	1800	999	999
z4lbg_2__478	0.4596590574425896	-0.3050887504721529	3600	B	1800	999	999
z4lbg_2__479	0.16307773773975928	0.40601642868256543	3600	B	1800	999	999
z4lbg_2__480	0.9480824446810641	0.46166245841163633	3600	B	1800	999	999
z4lbg_2__481	0.5751604675664765	-0.15987603906232753	3600	B	1800	999	999
z4lbg_2__482	-0.17054793657984413	0.057440873793875	3600	B	1800	999	999
z4lbg_2__483	-0.05523848957552237	-0.18115511731399184	3600	B	1800	999	999
z4lbg_2__484	0.6073196824328116	0.14990191315073062	3600	B	1800	999	999
z4lbg_2__485	-0.6352001172235267	-0.6787645235097851	3600	B	1800	999	999
z4lbg_2__486	0.04079665023131132	-0.4386249195880723	3600	B	1800	999	999
z4lbg_2__487	-0.42131245242539744	0.006405480132196571	3600	B	1800	999	999
z4lbg_2__488	0.28292598783029543	0.4439527061120194	3600	B	1800	999	999
z4lbg_2__489	0.18215203226078114	-0.691313420218505	3600	B	1800	999	999
z4lbg_2__490	0.8271389756406963	0.3793012757713996	3600	B	1800	999	999
z4lbg_2__491	0.6981495671615612	-0.07731490560986162	3600	B	1800	999	999
z4lbg_2__492	0.06920354108260254	-0.31121241609755357	3600	B	1800	999	999
z4lbg_2__493	0.6078943756046222	0.09892676096152433	3600	B	1800	999	999
z4lbg_2__494	-0.9477715060985631	0.06554431445749839	3600	B	1800	999	999
z4lbg_2__495	-0.21371279058401696	-0.08870964761731998	3600	B	1800	999	999
z4lbg_2__496	0.2950932119204681	0.9907686066523635	3600	B	1800	999	999
z4lbg_2__497	-0.19707720164890036	0.39986451374717674	3600	B	1800	999	999
z4lbg_2__498	-0.8586212593104651	0.02932083996248594	3600	B	1800	999	999
z4lbg_2__499	0.21237214013984532	-0.6578692458595564	3600	B	1800	999	999
z4lbg_2__500	0.1676321611670418	0.5772078408576287	3600	B	1800	999	999
z4lbg_2__501	-0.4048338279365153	0.11676682734014024	3600	B	1800	999	999
z4lbg_2__502	-0.7896167459021827	0.17868744254777202	3600	B	1800	999	999
z4lbg_2__503	-0.3529193003854851	-0.005658161935945542	3600	B	1800	999	999
z4lbg_2__504	-0.28055337996050006	-0.14334547558602762	3600	B	1800	999	999
z4lbg_2__505	0.5434213471209549	-0.5585712079816442	3600	B	1800	999	999
z4lbg_2__506	0.6863601068412708	-0.10393588766495708	3600	B	1800	999	999
z4lbg_2__507	0.7077714834383342	0.29172281145545226	3600	B	1800	999	999
z4lbg_2__508	0.4109340367823521	0.40389442062092784	3600	B	1800	999	999
z4lbg_2__509	-0.321625772041874	-0.029212029032217986	3600	B	1800	999	999
z4lbg_2__510	0.5477773893809962	-1.124843948972613	3600	B	1800	999	999
z4lbg_2__511	0.7219034683758566	-0.7937196494811541	3600	B	1800	999	999
z4lbg_2__512	0.4488414051181101	0.4231693837103578	3600	B	1800	999	999
z4lbg_2__513	0.05688159209857714	0.074862093281991	3600	B	1800	999	999
z4lbg_2__514	0.9895629526245437	0.5526793531112008	3600	B	1800	999	999
z4lbg_2__515	-0.6491352437200467	-0.17137248818585074	3600	B	1800	999	999
z4lbg_2__516	-0.2871217856569167	0.7092041217059953	3600	B	1800	999	999
z4lbg_2__517	0.4016896294380795	0.6138574889471562	3600	B	1800	999	999
z4lbg_2__518	-0.15557473350082213	0.4165605882539651	3600	B	1800	999	999
z4lbg_2__519	0.4836213251387554	-0.2599411684154803	3600	B	1800	999	999
z4lbg_2__520	0.1678005211457943	0.3013962408310689	3600	B	1800	999	999
z4lbg_2__521	0.09684406327909055	-0.4144358118324353	3600	B	1800	999	999
z4lbg_2__522	-0.36654125815781596	-0.12533792591761708	3600	B	1800	999	999
z4lbg_2__523	0.12956650095083302	0.1272760975985535	3600	B	1800	999	999
z4lbg_2__524	-0.05737099785501759	-0.1666705996118736	3600	B	1800	999	999
z4lbg_2__525	0.722250069777941	-0.5332611397041159	3600	B	1800	999	999
z4lbg_2__526	-0.8498677682867508	-0.09099305350036838	3600	B	1800	999	999
z4lbg_2__527	0.0736691793192738	0.5493972953821343	3600	B	1800	999	999
z4lbg_2__528	0.3005182037959047	-0.12214776810824869	3600	B	1800	999	999
z4lbg_2__529	0.5783333260839003	0.49781825219473286	3600	B	1800	999	999
z4lbg_2__530	0.08184362812092216	0.35906352313649886	3600	B	1800	999	999
z4lbg_2__531	-0.32352117645886935	0.16556115113011532	3600	B	1800	999	999
z4lbg_2__532	0.27299476134129746	-0.8923076549513054	3600	B	1800	999	999
z4lbg_2__533	0.08992184298013674	-0.5603598510857436	3600	B	1800	999	999
z4lbg_2__534	0.14165724457088114	0.3785144693594612	3600	B	1800	999	999
z4lbg_2__535	-0.3300627076994644	-0.5254509530073513	3600	B	1800	999	999
z4lbg_2__536	0.6163102425428812	-0.23509238684210715	3600	B	1800	999	999
z4lbg_2__537	-0.4006110384046816	0.008823445115974788	3600	B	1800	999	999
z4lbg_2__538	-0.44662750160013914	-0.47331186702859734	3600	B	1800	999	999
z4lbg_2__539	0.19210420724146088	0.1884129915197278	3600	B	1800	999	999
z4lbg_2__540	-0.23820704182843927	-0.010025522654379171	3600	B	1800	999	999
z4lbg_2__541	-0.0014042013321591933	0.45652297235326966	3600	B	1800	999	999
z4lbg_2__542	1.2337814501002928	-0.108707811259056	3600	B	1800	999	999
z4lbg_2__543	0.19711806825608774	-0.41218280185713835	3600	B	1800	999	999
z4lbg_2__544	-0.07807497365451989	-0.4556716200608173	3600	B	1800	999	999
z4lbg_2__545	0.2619277208527277	-0.7561969795304205	3600	B	1800	999	999
z4lbg_2__546	-0.16151774634487653	-0.3304456744321273	3600	B	1800	999	999
z4lbg_2__547	-0.2598141213232089	0.18952149225765844	3600	B	1800	999	999
z4lbg_2__548	-0.37731749154091127	0.04266875538330088	3600	B	1800	999	999
z4lbg_2__549	-0.07493096768180794	0.10630880557046198	3600	B	1800	999	999
z4lbg_2__550	-0.164212263994344	-0.588467869171239	3600	B	1800	999	999
z4lbg_2__551	-0.3127441711807266	0.4859289160600228	3600	B	1800	999	999
z4lbg_2__552	0.6343099419667734	0.23939930967625542	3600	B	1800	999	999
z4lbg_2__553	-0.7471044091163226	-0.9261996496749733	3600	B	1800	999	999
z4lbg_2__554	-0.21402792052393818	-0.33864884594946615	3600	B	1800	999	999
z4lbg_2__555	0.1344097412932816	-0.08358991432204033	3600	B	1800	999	999
z4lbg_2__556	0.7809381640082135	0.07844641249914804	3600	B	1800	999	999
z4lbg_2__557	-0.0965316058713377	0.8836742665829205	3600	B	1800	999	999
z4lbg_2__558	0.15769576823486317	-0.03516869396526627	3600	B	1800	999	999
z4lbg_2__559	0.6530009549973838	-0.01553178658001943	3600	B	1800	999	999
z4lbg_2__560	-0.4405555440614952	0.3835007009347994	3600	B	1800	999	999
z4lbg_2__561	-0.4468588118802521	0.09417474785911756	3600	B	1800	999	999
z4lbg_2__562	0.5855372453347047	-0.08796945599264715	3600	B	1800	999	999
z4lbg_2__563	-0.2500663744033054	0.18194876308534175	3600	B	1800	999	999
z4lbg_2__564	0.15357962535335448	0.40715863049338974	3600	B	1800	999	999
z4lbg_2__565	-0.3371968579169793	0.24589143030536664	3600	B	1800	999	999
z4lbg_2__566	0.05984168331726353	-0.025775131032449775	3600	B	1800	999	999
z4lbg_2__567	1.0004999179667604	0.9256261548056923	3600	B	1800	999	999
z4lbg_2__568	0.41724973381142205	-0.6488112252201966	3600	B	1800	999	999
z4lbg_2__569	-0.09647042241017553	0.8111942571532269	3600	B	1800	999	999
z4lbg_2__570	-0.17876556609778443	0.2765103377561648	3600	B	1800	999	999
z4lbg_2__571	0.570249859489703	0.559589063037985	3600	B	1800	999	999
z4lbg_2__572	-0.36143444392708823	0.3247475722697918	3600	B	1800	999	999
z4lbg_2__573	-0.3045538527914161	-0.2170230764621118	3600	B	1800	999	999
z4lbg_2__574	-0.7043769463091338	0.30401122666076913	3600	B	1800	999	999
z4lbg_2__575	0.39786606651290723	0.6933495923814703	3600	B	1800	999	999
z4lbg_2__576	-0.13143597743538152	-0.007729880756340696	3600	B	1800	999	999
z4lbg_2__577	-0.029897513207195896	0.18007974121376918	3600	B	1800	999	999
z4lbg_2__578	-0.7039114254021501	-0.27701485817938515	3600	B	1800	999	999
z4lbg_2__579	-0.013386347039874392	0.6264384806526837	3600	B	1800	999	999
z4lbg_2__580	-0.6324039398286042	0.2527850609540061	3600	B	1800	999	999
z4lbg_2__581	-0.749141253613368	-0.34716293539940973	3600	B	1800	999	999
z4lbg_2__582	0.2060262807482279	-0.3190080320500034	3600	B	1800	999	999
z4lbg_2__583	-0.5663499276290705	0.267784597667471	3600	B	1800	999	999
z4lbg_2__584	0.0657818769756689	-0.6105073904395745	3600	B	1800	999	999
z4lbg_2__585	-0.10106089022245603	-0.48910891598550427	3600	B	1800	999	999
z4lbg_2__586	-0.2586602267255373	0.41601053047275455	3600	B	1800	999	999
z4lbg_2__587	-0.21410051995261328	0.3978178816237368	3600	B	1800	999	999
z4lbg_2__588	-0.10667962297633543	-0.2776076154254484	3600	B	1800	999	999
z4lbg_2__589	0.7762352193131229	0.43866787074872443	3600	B	1800	999	999
z4lbg_2__590	-0.6092769616408423	0.33779610585314696	3600	B	1800	999	999
z4lbg_2__591	-0.0719622923185527	0.2880018671153973	3600	B	1800	999	999
z4lbg_2__592	-0.49090119383454583	0.5100371830951937	3600	B	1800	999	999
z4lbg_2__593	-0.3257392134475721	-0.2553763861611309	3600	B	1800	999	999
z4lbg_2__594	-0.2450803867079622	0.054172947557740284	3600	B	1800	999	999
z4lbg_2__595	-0.7361323609627215	-0.3761764386812124	3600	B	1800	999	999
z4lbg_2__596	0.31618821998075	0.42342346863243524	3600	B	1800	999	999
z4lbg_2__597	-0.6374196017694146	-0.6272838407156189	3600	B	1800	999	999
z4lbg_2__598	-0.6036681148219806	0.1614536700061707	3600	B	1800	999	999
z4lbg_2__599	0.41452342649758833	0.010974292222284944	3600	B	1800	999	999
z4lbg_2__600	0.06292256788922941	0.22684126922261655	3600	B	1800	999	999
z4lbg_2__601	-0.41856507329179543	0.6005026386318764	3600	B	1800	999	999
z4lbg_2__602	-0.7273330479659885	0.09255298089954998	3600	B	1800	999	999
z4lbg_2__603	-0.6378579473390408	0.07678624287060537	3600	B	1800	999	999
z4lbg_2__604	0.7271261296736454	0.6245765327261309	3600	B	1800	999	999
z4lbg_2__605	0.17423542945697662	-0.5457272966481462	3600	B	1800	999	999
z4lbg_2__606	0.18196844633524098	0.12675451451458924	3600	B	1800	999	999
z4lbg_2__607	-0.44270022568544465	-0.009968898388546806	3600	B	1800	999	999
z4lbg_2__608	0.311371791197233	-0.17736979720635002	3600	B	1800	999	999
z4lbg_2__609	0.5919505932669775	0.6159472223554078	3600	B	1800	999	999
z4lbg_2__610	-0.8439519017628944	-0.33834827992720073	3600	B	1800	999	999
z4lbg_2__611	-0.08509836871869542	0.1799684478468957	3600	B	1800	999	999
z4lbg_2__612	-0.019749881530138	1.013931312532113	3600	B	1800	999	999
z4lbg_2__613	0.2805669300065528	0.9466566582791459	3600	B	1800	999	999
z4lbg_2__614	-0.39117421500045013	0.18765433154139657	3600	B	1800	999	999
z4lbg_2__615	-0.5413780965964081	0.2503527620497032	3600	B	1800	999	999
z4lbg_2__616	-0.3703474372734565	0.5022179440999169	3600	B	1800	999	999
z4lbg_2__617	-0.6120146784236723	-0.4155782482075173	3600	B	1800	999	999
z4lbg_2__618	-0.42174987394531693	0.20868977424758992	3600	B	1800	999	999
z4lbg_2__619	-0.825873673945046	-0.36059256641098497	3600	B	1800	999	999
z4lbg_2__620	-0.5042298309385025	-0.19617410473667482	3600	B	1800	999	999
z4lbg_2__621	-0.18432739262050954	0.29525739864938966	3600	B	1800	999	999
z4lbg_2__622	-0.09634203589948989	0.1749086725766897	3600	B	1800	999	999
z4lbg_2__623	-0.05257985521675598	0.11207768153885563	3600	B	1800	999	999
z4lbg_2__624	0.33687862637003174	0.7497665549835545	3600	B	1800	999	999
z4lbg_2__625	0.4302864447152949	-0.3980277227889443	3600	B	1800	999	999
z4lbg_2__626	0.8267067905197382	0.851798052091074	3600	B	1800	999	999
z4lbg_2__627	0.6521611518949377	-0.19138546205309043	3600	B	1800	999	999
z4lbg_2__628	-0.44025770968336	0.2389038371894034	3600	B	1800	999	999
z4lbg_2__629	0.725850702213582	0.5499031450780302	3600	B	1800	999	999
z4lbg_2__630	-0.5642810655757506	0.08491349540873	3600	B	1800	999	999
z4lbg_2__631	0.31660908309000707	0.7747206575500801	3600	B	1800	999	999
z4lbg_2__632	-0.09882977447916619	0.058648626446377604	3600	B	1800	999	999
z4lbg_2__633	-0.23944809504861875	-0.439166819473969	3600	B	1800	999	999
z4lbg_2__634	0.8287732021674432	0.8632491603493595	3600	B	1800	999	999
z4lbg_2__635	-0.5141090733922228	0.38820885099663854	3600	B	1800	999	999
z4lbg_2__636	0.005208410439116001	0.30298173751537955	3600	B	1800	999	999
z4lbg_2__637	-0.28544821838590967	0.4744596084503271	3600	B	1800	999	999
z4lbg_2__638	0.39019504371711006	0.7439106708949975	3600	B	1800	999	999
z4lbg_2__639	0.337870899793167	0.8464034846529289	3600	B	1800	999	999
z4lbg_2__640	-0.45883215616998285	0.1489220287159952	3600	B	1800	999	999
z4lbg_2__641	0.09032833291569768	-0.11713674792548814	3600	B	1800	999	999
z4lbg_2__642	0.2725746708819694	0.4391260975670479	3600	B	1800	999	999
z4lbg_2__643	0.08118003431165932	0.20303899022355962	3600	B	1800	999	999
z4lbg_2__644	0.01146865653979624	-0.11754685295563448	3600	B	1800	999	999
z4lbg_2__645	0.051486399972976854	-0.5742344097603452	3600	B	1800	999	999
z4lbg_2__646	-0.1147873450414736	0.20509628399937185	3600	B	1800	999	999
z4lbg_2__647	-0.4452549152428208	-0.12863043635839178	3600	B	1800	999	999
z4lbg_2__648	-0.2676212888483356	0.4148237091102779	3600	B	1800	999	999
z4lbg_2__649	-0.30927300761438137	-0.06574145335445913	3600	B	1800	999	999
z4lbg_2__650	-0.14289015829524565	0.0945807421710723	3600	B	1800	999	999
z4lbg_2__651	-0.6263619628480767	0.31413214494195607	3600	B	1800	999	999
z4lbg_2__652	-0.8926398251398384	-0.09452887901719632	3600	B	1800	999	999
z4lbg_2__653	0.42577277736295627	0.18867037456901367	3600	B	1800	999	999
z4lbg_2__654	-0.24110946871479919	0.26451154634800983	3600	B	1800	999	999
z4lbg_2__655	-0.5819545244049628	0.34818704053557686	3600	B	1800	999	999
z4lbg_2__656	-0.6006203151281032	0.46967243294855004	3600	B	1800	999	999
z4lbg_2__657	-0.2376799971361973	0.25747220103398205	3600	B	1800	999	999
z4lbg_2__658	-0.014955794996096967	-0.016665003115148635	3600	B	1800	999	999
z4lbg_2__659	0.18840172222022855	0.8696360429691817	3600	B	1800	999	999
z4lbg_2__660	0.7888517648213313	1.0740750026857835	3600	B	1800	999	999
z4lbg_2__661	0.564180465893156	0.31476358374075075	3600	B	1800	999	999
z4lbg_2__662	0.06519252498609707	0.35327631152640354	3600	B	1800	999	999
z4lbg_2__663	0.8426324417782542	-0.8276729675431149	3600	B	1800	999	999
z4lbg_2__664	-0.11772897395007383	-0.31392617844477316	3600	B	1800	999	999
z4lbg_2__665	0.4975486148764417	0.30687514290971507	3600	B	1800	999	999
z4lbg_2__666	-0.7936107953823542	0.037045891857707194	3600	B	1800	999	999
z4lbg_2__667	0.4805086050508322	0.5816771192833579	3600	B	1800	999	999
z4lbg_2__668	-0.34678482418281337	-0.12631527378332577	3600	B	1800	999	999
z4lbg_2__669	0.2987125167734826	0.079023345739566	3600	B	1800	999	999
z4lbg_2__670	-0.23272687383624843	0.40212803920392853	3600	B	1800	999	999
z4lbg_2__671	-0.34120004877807114	0.1566987359687456	3600	B	1800	999	999
z4lbg_2__672	0.19244526311206744	0.42683880819874964	3600	B	1800	999	999
z4lbg_2__673	0.11522790815369965	0.4096553307394255	3600	B	1800	999	999
z4lbg_2__674	-0.3766744034004942	0.32971716690864666	3600	B	1800	999	999
z4lbg_2__675	-0.19968874551701807	0.7899838042814152	3600	B	1800	999	999
z4lbg_2__676	-0.6565318460719668	0.32771013894447604	3600	B	1800	999	999
z4lbg_2__677	-0.19518499837034115	-0.08720343225595006	3600	B	1800	999	999
z4lbg_2__678	0.25856943773795876	0.5204613282798511	3600	B	1800	999	999
z4lbg_2__679	0.34266600393136626	0.5087598391646928	3600	B	1800	999	999
z4lbg_2__680	-0.7270046581828172	-0.3634515739560783	3600	B	1800	999	999
z4lbg_2__681	0.20352821030176899	0.9297694947064176	3600	B	1800	999	999
z4lbg_2__682	-0.2083208796429315	0.6110393737562652	3600	B	1800	999	999
z4lbg_2__683	0.12438574246263114	0.4971631217773365	3600	B	1800	999	999
z4lbg_2__684	-0.5690553561534114	0.2817545943293025	3600	B	1800	999	999
z4lbg_2__685	-0.1619777013874709	0.6362594106532349	3600	B	1800	999	999
z4lbg_2__686	0.060596242324365536	0.7463788274791373	3600	B	1800	999	999
z4lbg_2__687	-0.4948211430323862	0.25775640469242495	3600	B	1800	999	999
z4lbg_2__688	-0.888073615342332	0.14321906203387727	3600	B	1800	999	999
z4lbg_2__689	0.6111251793730463	0.3852302043263889	3600	B	1800	999	999
z4lbg_2__690	-0.41672328217590154	0.12098923002289254	3600	B	1800	999	999
z4lbg_2__691	-0.9055447430883462	-0.0574763541377057	3600	B	1800	999	999
z4lbg_2__692	-0.5415580750726011	0.3295218932495625	3600	B	1800	999	999
z4lbg_2__693	-0.6274916388202014	0.3173177974417089	3600	B	1800	999	999
z4lbg_2__694	-0.39139943887691264	-0.09284411226150041	3600	B	1800	999	999
z4lbg_2__695	-0.371746379344217	-0.307361077348547	3600	B	1800	999	999
z4lbg_2__696	0.2852311049692462	0.9796144468081145	3600	B	1800	999	999
z4lbg_2__697	-0.10822307422382735	-0.31169475722249834	3600	B	1800	999	999
z4lbg_2__698	-0.08414473370059421	0.27540097456977264	3600	B	1800	999	999
z4lbg_2__699	-0.8908696346887859	-0.11724293363288689	3600	B	1800	999	999
z4lbg_2__700	-0.21466701195734422	0.5438162869052163	3600	B	1800	999	999
z4lbg_2__701	-0.4217850079831212	0.20444630203720246	3600	B	1800	999	999
z4lbg_2__702	-0.09739216924361882	-0.17559166520817573	3600	B	1800	999	999
z4lbg_2__703	-0.4189317096199636	0.09880566451612485	3600	B	1800	999	999
z4lbg_2__704	-0.6572282873243896	-0.36414429069176574	3600	B	1800	999	999
z4lbg_2__705	-0.2910118242036597	0.12998698736493164	3600	B	1800	999	999
z4lbg_2__706	-0.7907928394586966	0.22109349264970302	3600	B	1800	999	999
z4lbg_2__707	-0.6248320618716686	-0.30201182599364224	3600	B	1800	999	999
z4lbg_2__708	-0.21864835795110968	0.09186137088553992	3600	B	1800	999	999
z4lbg_2__709	0.10462695029533266	0.22254812823755477	3600	B	1800	999	999
z4lbg_2__710	-0.015191506449271742	0.15629207729566244	3600	B	1800	999	999
z4lbg_2__711	-0.022233457469544398	0.6201464136529788	3600	B	1800	999	999
z4lbg_2__712	1.110913228890395	0.8503930122168982	3600	B	1800	999	999
z4lbg_2__713	0.15825182867306894	0.5888297894856355	3600	B	1800	999	999
z4lbg_2__714	-0.5664285056835969	-0.3453620684717792	3600	B	1800	999	999
z4lbg_2__715	0.16303797153018518	0.3590155879162871	3600	B	1800	999	999
z4lbg_2__716	-0.9724529577941469	-0.2086677896384016	3600	B	1800	999	999
z4lbg_2__717	-0.8872154017102674	-0.11115912119603848	3600	B	1800	999	999
z4lbg_2__718	-0.4985347989176746	0.14074778463802995	3600	B	1800	999	999
z4lbg_2__719	-0.6821796186524023	0.20280190404397513	3600	B	1800	999	999
z4lbg_2__720	0.1468903060080849	0.39508010452603054	3600	B	1800	999	999
z4lbg_2__721	-0.15292899630068715	0.5265005438114643	3600	B	1800	999	999
z4lbg_2__722	0.6092904740831255	0.418068122646513	3600	B	1800	999	999
z4lbg_2__723	-0.7217021340407408	0.11925813923482359	3600	B	1800	999	999
z4lbg_2__724	-0.759113157422352	0.027748527908558883	3600	B	1800	999	999
z4lbg_2__725	-0.39874204246273826	0.0060942974905335845	3600	B	1800	999	999
z4lbg_2__726	-0.6788744615206738	0.008054453274820501	3600	B	1800	999	999
z4lbg_2__727	-0.12618615571816033	0.07142263368239643	3600	B	1800	999	999
z4lbg_2__728	-0.1331507025284681	0.40650967317618836	3600	B	1800	999	999
z4lbg_2__729	-0.8709026291405417	-0.20908365530492506	3600	B	1800	999	999
z4lbg_2__730	0.015023250248480197	0.22453142536916712	3600	B	1800	999	999
z4lbg_2__731	-0.043344012145947394	0.1877575608569579	3600	B	1800	999	999
z4lbg_2__732	-0.07438151637673479	0.07493538573742145	3600	B	1800	999	999
z4lbg_2__733	0.33434099571286985	0.14846982364941863	3600	B	1800	999	999
z4lbg_2__734	-0.6737285591102224	-0.3408146627843434	3600	B	1800	999	999
z4lbg_2__735	-0.1177855786670747	0.4321579561175416	3600	B	1800	999	999
z4lbg_2__736	-0.5991987830557644	0.2859119861610683	3600	B	1800	999	999
z4lbg_2__737	-0.07101771721359668	0.37371746019418906	3600	B	1800	999	999
z4lbg_2__738	-0.39743882745711745	0.38051260045333324	3600	B	1800	999	999
z4lbg_2__739	-1.038423347398909	-0.41329203310598966	3600	B	1800	999	999
z4lbg_2__740	-0.9229788995893093	-0.0558909684143889	3600	B	1800	999	999
z4lbg_2__741	0.03531933892549842	0.09436114877924263	3600	B	1800	999	999
z4lbg_2__742	-0.5367455486291078	0.4027688639013207	3600	B	1800	999	999
z4lbg_2__743	0.3653718181295855	0.062343765297625885	3600	B	1800	999	999
z4lbg_2__744	-0.5198273426995548	0.346270235513746	3600	B	1800	999	999
z4lbg_2__745	-0.7605651406212232	-0.07691346334542958	3600	B	1800	999	999
z4lbg_2__746	-0.3792069412303132	0.1434700910655279	3600	B	1800	999	999
z4lbg_2__747	-0.0941214719014277	-0.2794997556862277	3600	B	1800	999	999
z4lbg_2__748	0.27803483516640654	0.6828721887009885	3600	B	1800	999	999
z4lbg_2__749	-0.07188278236401392	0.5499202444455094	3600	B	1800	999	999
z4lbg_2__750	0.18970900026714277	0.6305965444513792	3600	B	1800	999	999
z4lbg_2__751	0.3591158009520117	0.4811147299664976	3600	B	1800	999	999
z4lbg_2__752	0.26449407482374915	0.3415346699260752	3600	B	1800	999	999
z4lbg_2__753	-0.1318973307233811	-0.23762732154697858	3600	B	1800	999	999
z4lbg_2__754	-0.5536766805098731	-0.09983125730140627	3600	B	1800	999	999
z4lbg_2__755	-0.5292412655662516	-0.5275167883706504	3600	B	1800	999	999
z4lbg_2__756	-0.3365651420239224	0.20415446754356642	3600	B	1800	999	999
z4lbg_2__757	-0.2070104494683173	-0.402273526863766	3600	B	1800	999	999
z4lbg_2__758	-0.44462130282436013	0.5215806435521319	3600	B	1800	999	999
z4lbg_2__759	-0.44513651825666534	0.3032453908160919	3600	B	1800	999	999
z4lbg_2__760	0.061225000074380205	0.5424299534244622	3600	B	1800	999	999
z4lbg_2__761	-0.5688565277628334	0.1913223832122947	3600	B	1800	999	999
z4lbg_2__762	-0.9133286920207391	-0.03870191305025607	3600	B	1800	999	999
z4lbg_2__763	-0.5274642006094733	0.3943623751036648	3600	B	1800	999	999
z4lbg_2__764	0.07632843102959116	0.19909403266658615	3600	B	1800	999	999
z4lbg_2__765	-0.3455735211949004	-0.47413127174172964	3600	B	1800	999	999
z4lbg_2__766	-1.0046947056039042	-0.37201926818693365	3600	B	1800	999	999
z4lbg_2__767	-0.607844150904366	0.007229919981894869	3600	B	1800	999	999
z4lbg_2__768	-0.19761282420338108	0.2607761471587627	3600	B	1800	999	999
z4lbg_2__769	0.028516915200303326	0.530009572829364	3600	B	1800	999	999
z4lbg_2__770	0.14866525562986535	0.822467736990627	3600	B	1800	999	999
z4lbg_2__771	-0.11457665381677092	0.05492727210869068	3600	B	1800	999	999
z4lbg_2__772	0.30584003032404	0.3852556983644073	3600	B	1800	999	999
z4lbg_2__773	-0.19061171247937156	0.6948889610872192	3600	B	1800	999	999
z4lbg_2__774	0.302090403804432	0.3983742699147189	3600	B	1800	999	999
z4lbg_2__775	-0.10028078956040289	-0.0006904135932183433	3600	B	1800	999	999
z4lbg_2__776	-0.033792330917933655	0.20941247997160162	3600	B	1800	999	999
z4lbg_2__777	0.27737887482651447	0.596298591375159	3600	B	1800	999	999
z4lbg_2__778	0.9831261544495373	0.9309573316256242	3600	B	1800	999	999
z4lbg_2__779	0.3038928819800476	0.40328873437468155	3600	B	1800	999	999
z4lbg_2__780	-0.6446132294101884	0.1650192795724781	3600	B	1800	999	999
z4lbg_2__781	-0.11646315243675086	-0.2756326495216369	3600	B	1800	999	999
z4lbg_2__782	-0.030856644265612906	0.13812879086369448	3600	B	1800	999	999
z4lbg_2__783	-0.17656375590286022	0.13885378450002428	3600	B	1800	999	999
z4lbg_2__784	-0.7060593034607469	0.173364345010323	3600	B	1800	999	999
z4lbg_2__785	-0.2594978957896143	0.4458777591501849	3600	B	1800	999	999
z4lbg_2__786	-0.10666292430737369	0.575136242869314	3600	B	1800	999	999
z4lbg_2__787	-0.5066544590102071	0.05701828445244197	3600	B	1800	999	999
z4lbg_2__788	-0.6396740227982923	0.32205022346860024	3600	B	1800	999	999
z4lbg_2__789	0.3330044070260747	0.3912449237557376	3600	B	1800	999	999
z4lbg_2__790	-0.4262608804055076	0.3994602509979029	3600	B	1800	999	999
z4lbg_2__791	-0.3331357487084229	-0.01549760851850427	3600	B	1800	999	999
z4lbg_2__792	-0.5063919154525297	0.2006103787409736	3600	B	1800	999	999
z4lbg_2__793	-0.17947755912098307	0.5803902408831275	3600	B	1800	999	999
z4lbg_2__794	-0.6344557963340766	0.1077894134688478	3600	B	1800	999	999
z4lbg_2__795	-0.13022997492822366	0.5026443376678701	3600	B	1800	999	999
z4lbg_2__796	1.0851742002687375	0.6618845183377211	3600	B	1800	999	999
z4lbg_2__797	-0.014912994428147027	-0.03500033506816998	3600	B	1800	999	999
z4lbg_2__798	-0.451189279155277	0.052481303105359124	3600	B	1800	999	999
z4lbg_2__799	0.09346170295491014	0.4860286920952741	3600	B	1800	999	999
z4lbg_2__800	0.01988390838742132	0.40610211143483793	3600	B	1800	999	999
z4lbg_2__801	-0.4270397302027467	0.1630733175525859	3600	B	1800	999	999
z4lbg_2__802	0.12954501909768187	0.5189022144958293	3600	B	1800	999	999
z4lbg_2__803	-0.18817794062987137	-0.0618640689616923	3600	B	1800	999	999
z4lbg_2__804	-0.12191293775968873	-0.2240347879697949	3600	B	1800	999	999
z4lbg_2__805	-0.32870189917693593	-0.04640114310907752	3600	B	1800	999	999
z4lbg_2__806	-0.5220192576500354	0.09019716312810477	3600	B	1800	999	999
z4lbg_2__807	-0.26033694495826165	0.04197889069804908	3600	B	1800	999	999
z4lbg_2__808	-0.23168115424355193	0.005144516842356457	3600	B	1800	999	999
z4lbg_2__809	-0.1326155465172132	-0.01053992777027507	3600	B	1800	999	999
z4lbg_2__810	-0.1718920168760992	0.9001947725846116	3600	B	1800	999	999
z4lbg_2__811	-0.08240601019208105	0.2208872230737918	3600	B	1800	999	999
z4lbg_2__812	-0.5347569880603945	0.5026145612968931	3600	B	1800	999	999
z4lbg_2__813	0.11262825221673375	0.23672122545436047	3600	B	1800	999	999
z4lbg_2__814	-0.43311621113635856	0.5499356321897229	3600	B	1800	999	999
z4lbg_2__815	0.4994684618727675	0.16392466283433008	3600	B	1800	999	999
z4lbg_2__816	-0.12867332512023902	0.7653690308828602	3600	B	1800	999	999
z4lbg_2__817	-0.08407692151973196	0.33107394572216065	3600	B	1800	999	999
z4lbg_2__818	-0.22335053330178983	0.11871546731234237	3600	B	1800	999	999
z4lbg_2__819	0.19231242082045244	0.6059708120707955	3600	B	1800	999	999
z4lbg_2__820	-0.4327332967306214	0.5904459691818903	3600	B	1800	999	999
z4lbg_2__821	0.5148779300548293	0.5455648710496865	3600	B	1800	999	999
z4lbg_2__822	-0.15633298362740908	0.14666962581906223	3600	B	1800	999	999
z4lbg_2__823	-0.9886923811120573	-0.38715987368654226	3600	B	1800	999	999
z4lbg_2__824	-0.5258455013927189	-0.3245072855658415	3600	B	1800	999	999
z4lbg_2__825	-0.2059847381217218	0.16075037725327343	3600	B	1800	999	999
z4lbg_2__826	0.17949569713830923	0.5360163979796838	3600	B	1800	999	999
z4lbg_2__827	-0.28315232759886444	0.38802567123721937	3600	B	1800	999	999
z4lbg_2__828	-0.26294673550538905	0.6182715916412751	3600	B	1800	999	999
z4lbg_2__829	-0.5187654957579109	0.25073586042173535	3600	B	1800	999	999
z4lbg_2__830	0.3820361301588448	0.4939160907238666	3600	B	1800	999	999
z4lbg_2__831	-0.22736497952554974	-0.3527922050695992	3600	B	1800	999	999
z4lbg_2__832	-0.05852650965227627	-0.010753605872671605	3600	B	1800	999	999
z4lbg_2__833	-0.5827221769875711	0.3284031311415268	3600	B	1800	999	999
z4lbg_2__834	-0.5683852379842576	0.3353147442378906	3600	B	1800	999	999
z4lbg_2__835	0.03354337226918007	0.20457646506176427	3600	B	1800	999	999
z4lbg_2__836	-0.6870899244550078	-0.44250245409333483	3600	B	1800	999	999
z4lbg_2__837	-0.5825977479401483	-0.18287129221234222	3600	B	1800	999	999
z4lbg_2__838	-0.8053896446523219	-0.06451124459148494	3600	B	1800	999	999
z4lbg_2__839	-0.4994571738688979	-0.10754572739779686	3600	B	1800	999	999
z4lbg_2__840	0.02276398570878682	0.4195699172888857	3600	B	1800	999	999
z4lbg_2__841	0.06211328507349397	0.8743019433128888	3600	B	1800	999	999
z4lbg_2__842	-0.6212449348618208	0.15596565256519548	3600	B	1800	999	999
z4lbg_2__843	-1.041893650452105	-0.4138555353760439	3600	B	1800	999	999
z4lbg_2__844	-0.11286511246349289	0.22730555022406373	3600	B	1800	999	999
z4lbg_2__845	-0.06839315610179428	0.26690699736448464	3600	B	1800	999	999
z4lbg_2__846	0.08879302949022297	0.13441325655260877	3600	B	1800	999	999
z4lbg_2__847	-1.0277738544439123	-0.2930710826179692	3600	B	1800	999	999
z4lbg_2__848	-0.31921665008250544	-0.20697572998973965	3600	B	1800	999	999
z4lbg_2__849	1.0266037139045252	0.668528349872447	3600	B	1800	999	999
z4lbg_2__850	-0.6128890939571521	0.042778960582053514	3600	B	1800	999	999
z4lbg_2__851	-0.116754127306739	-0.07676866681897018	3600	B	1800	999	999
z4lbg_2__852	-0.25068058535443516	-0.17098754476279143	3600	B	1800	999	999
z4lbg_2__853	-0.17863874523519838	-0.2877552994047072	3600	B	1800	999	999
z4lbg_2__854	-0.011505919944961734	0.766092030182151	3600	B	1800	999	999
z4lbg_2__855	0.5236471187432589	0.6327407231338245	3600	B	1800	999	999
z4lbg_2__856	-0.4198068264689249	-0.37252569249174233	3600	B	1800	999	999
z4lbg_2__857	-0.46459411575923554	0.21546029738521003	3600	B	1800	999	999
z4lbg_2__858	-0.04643090609770213	0.18990521619851627	3600	B	1800	999	999
z4lbg_2__859	0.5302848271047227	0.3600340816881401	3600	B	1800	999	999
z4lbg_2__860	0.043492865588620366	0.4285922486887126	3600	B	1800	999	999
z4lbg_2__861	-0.24677925559345804	0.3091363083128612	3600	B	1800	999	999
z4lbg_2__862	-0.3777829764185513	0.24245615308685198	3600	B	1800	999	999
z4lbg_2__863	0.034969969570271445	0.058597095285454426	3600	B	1800	999	999
z4lbg_2__864	0.376980203365564	0.18226609733663257	3600	B	1800	999	999
z4lbg_2__865	-0.5473438032202169	-0.249838300737956	3600	B	1800	999	999
z4lbg_2__866	0.2155689986541858	0.7339070396794913	3600	B	1800	999	999
z4lbg_2__867	-0.6694025872606043	-0.35748789650557555	3600	B	1800	999	999
z4lbg_2__868	-0.32423638790422404	0.514725276454473	3600	B	1800	999	999
z4lbg_2__869	-0.6791760290980714	-0.5353568520814507	3600	B	1800	999	999
z4lbg_2__870	0.43663233567090026	0.2959231398913752	3600	B	1800	999	999
z4lbg_2__871	0.5903937425138924	0.3447546304780748	3600	B	1800	999	999
z4lbg_2__872	-0.2806327814623431	-0.194501358804022	3600	B	1800	999	999
z4lbg_2__873	-0.16218923570055582	0.310584001430387	3600	B	1800	999	999
z4lbg_2__874	0.9789465143038893	0.523626912453826	3600	B	1800	999	999
z4lbg_2__875	-0.5063151159453798	0.3921687225049217	3600	B	1800	999	999
z4lbg_2__876	0.4768803378655772	0.4452826904612446	3600	B	1800	999	999
z4lbg_2__877	-0.11834401593735272	0.49265300742685353	3600	B	1800	999	999
z4lbg_2__878	-0.4014198562453656	0.2741733843154503	3600	B	1800	999	999
z4lbg_2__879	-0.4003556289446724	-0.4883471895198548	3600	B	1800	999	999
z4lbg_2__880	-0.4107774748314409	-0.24682580584746275	3600	B	1800	999	999
z4lbg_2__881	-0.8672646844020486	0.0008551365233131734	3600	B	1800	999	999
z4lbg_2__882	-0.28728422148084076	0.20024898148266457	3600	B	1800	999	999
z4lbg_2__883	-0.6287389707010177	0.08809683825511803	3600	B	1800	999	999
z4lbg_2__884	-0.6030033534025933	0.24102296977246793	3600	B	1800	999	999
z4lbg_2__885	-0.46104873096716315	-0.4682706274667727	3600	B	1800	999	999
z4lbg_2__886	-0.4276225852771279	-0.08898042523522257	3600	B	1800	999	999
z4lbg_2__887	-0.4870232464099851	-0.36309916113011365	3600	B	1800	999	999
z4lbg_2__888	-0.5506624269731691	0.03523612848609847	3600	B	1800	999	999
z4lbg_2__889	-0.27176693308338806	0.07447455564581322	3600	B	1800	999	999
z4lbg_2__890	-0.3509430990412707	-0.5463883630880058	3600	B	1800	999	999
z4lbg_2__891	-0.7169881398926173	0.22336301501647243	3600	B	1800	999	999
z4lbg_2__892	-0.2555542970703296	0.5106899589221687	3600	B	1800	999	999
z4lbg_2__893	-0.5257578240459675	-0.25047973420784436	3600	B	1800	999	999
z4lbg_2__894	-0.1358288053428179	0.25119348912936074	3600	B	1800	999	999
z4lbg_2__895	-0.5584889394714102	-0.3130932071761614	3600	B	1800	999	999
z4lbg_2__896	-0.10628193218805526	0.27308205457085927	3600	B	1800	999	999
z4lbg_2__897	-0.013202842292894673	0.11606586501041613	3600	B	1800	999	999
z4lbg_2__898	0.3603053490506349	0.25396360696292286	3600	B	1800	999	999
z4lbg_2__899	0.1453847072205192	0.6168692898741397	3600	B	1800	999	999
z4lbg_2__900	0.003582297589413308	0.6879762132093654	3600	B	1800	999	999
z4lbg_2__901	-0.23548494777453882	0.6079424375007225	3600	B	1800	999	999
z4lbg_2__902	-0.49461554849998834	-0.07469451740377268	3600	B	1800	999	999
z4lbg_2__903	-0.40971592650303434	0.23847553679965366	3600	B	1800	999	999
z4lbg_2__904	-0.9518102346445672	-0.2285068419027687	3600	B	1800	999	999
z4lbg_2__905	-0.248605059414568	0.5788598441266891	3600	B	1800	999	999
z4lbg_2__906	-0.4067018054564942	-0.2780115814986178	3600	B	1800	999	999
z4lbg_2__907	-0.5949655354028294	-0.20962627368827888	3600	B	1800	999	999
z4lbg_2__908	-0.544771069388962	-0.10153725109098005	3600	B	1800	999	999
z4lbg_2__909	0.23204802132787844	0.6550253083957751	3600	B	1800	999	999
z4lbg_2__910	-0.13528453750545705	0.30296779496786863	3600	B	1800	999	999
z4lbg_2__911	-0.6408900140434707	0.16046197580812452	3600	B	1800	999	999
z4lbg_2__912	-0.09223156441794629	0.29035961278402544	3600	B	1800	999	999
z4lbg_2__913	-0.6312309902436372	0.2785282448860446	3600	B	1800	999	999
z4lbg_2__914	0.10247848474472525	0.4256045594695737	3600	B	1800	999	999
z4lbg_2__915	-0.36677887728518394	-0.4275347259912533	3600	B	1800	999	999
z4lbg_2__916	-0.46269667255310387	-0.006696045628262964	3600	B	1800	999	999
z4lbg_2__917	-0.0052684171573203105	0.46655196077157346	3600	B	1800	999	999
z4lbg_2__918	-0.36923050096608884	0.6326783961586284	3600	B	1800	999	999
z4lbg_2__919	-0.30504140758941456	0.12045488435865832	3600	B	1800	999	999
z4lbg_2__920	0.42852251597274793	0.5857501724142246	3600	B	1800	999	999
z4lbg_2__921	-0.9324409737370762	0.0032935102111332944	3600	B	1800	999	999
z4lbg_2__922	-0.14829774359449682	-0.20880079138485708	3600	B	1800	999	999
z4lbg_2__923	-0.12312016675181053	0.8105024387516626	3600	B	1800	999	999
z4lbg_2__924	-0.11753255726884393	0.058669397168199675	3600	B	1800	999	999
z4lbg_2__925	-0.5873033968506052	0.07724126528252641	3600	B	1800	999	999
z4lbg_2__926	-0.19064110936704615	0.2705769163790918	3600	B	1800	999	999
z4lbg_2__927	-0.19848729768373805	-0.16880701142017687	3600	B	1800	999	999
z4lbg_2__928	-0.7477235207385168	0.23910486398090078	3600	B	1800	999	999
z4lbg_2__929	0.03922477015897117	0.33724109824829435	3600	B	1800	999	999
z4lbg_2__930	-0.4156345156093213	0.2024845918929141	3600	B	1800	999	999
z4lbg_2__931	-0.11592764522363778	0.5668358322397032	3600	B	1800	999	999
z4lbg_2__932	-0.42377902780943655	0.0006394256967769373	3600	B	1800	999	999
z4lbg_2__933	-0.32149872050678246	0.28564225203430765	3600	B	1800	999	999
z4lbg_2__934	0.312647288178464	0.6878916290736333	3600	B	1800	999	999
z4lbg_2__935	-0.5346936666992161	0.2205977209753228	3600	B	1800	999	999
z4lbg_2__936	-0.19651917955353213	0.19845296819385935	3600	B	1800	999	999
z4lbg_2__937	-0.8462987058119793	0.06196642762140661	3600	B	1800	999	999
z4lbg_2__938	-0.4340744015981525	0.3037936039812763	3600	B	1800	999	999
z4lbg_2__939	-0.03643550878203139	-0.17056964601162844	3600	B	1800	999	999
z4lbg_2__940	-0.21423262264639642	-0.20039844798552378	3600	B	1800	999	999
z4lbg_2__941	-0.7042133542999892	-0.08964971536369806	3600	B	1800	999	999
z4lbg_2__942	-0.6187195149416556	0.19817038771160372	3600	B	1800	999	999
z4lbg_2__943	-0.06891850990712216	0.25921257075831977	3600	B	1800	999	999
z4lbg_2__944	0.3804842752325607	0.6766251596507373	3600	B	1800	999	999
z4lbg_2__945	-0.6779947926800309	0.3551218164988108	3600	B	1800	999	999
z4lbg_2__946	-0.5069436910747507	0.09365253331654047	3600	B	1800	999	999
z4lbg_2__947	-0.8290848449039115	0.03075835670631633	3600	B	1800	999	999
z4lbg_2__948	-0.3662993750859495	0.6598372455443977	3600	B	1800	999	999
z4lbg_2__949	-0.26024354399439453	0.21577207390835537	3600	B	1800	999	999
z4lbg_2__950	-0.31430070113631725	-0.43840193264537747	3600	B	1800	999	999
z4lbg_2__951	-0.2243224636566731	0.23971428357267513	3600	B	1800	999	999
z4lbg_2__952	-0.39032539950265305	0.6899905334452165	3600	B	1800	999	999
z4lbg_2__953	-0.5962154199248476	-0.20331977904729973	3600	B	1800	999	999
z4lbg_2__954	0.14508993176666418	0.3283772139145721	3600	B	1800	999	999
z4lbg_2__955	-0.24509148478497325	-0.40239510160617503	3600	B	1800	999	999
z4lbg_2__956	-0.2505205476853583	0.2832544995031146	3600	B	1800	999	999
z4lbg_2__957	-0.4262135606222284	-0.10816555030211573	3600	B	1800	999	999
z4lbg_2__958	0.11917433349442046	0.8916171658460916	3600	B	1800	999	999
z4lbg_2__959	0.08833473824236848	-0.15816685920985077	3600	B	1800	999	999
z4lbg_2__960	-0.39624066707617994	0.44194501458432073	3600	B	1800	999	999
z4lbg_2__961	-0.6343287263557046	-0.28983873385105924	3600	B	1800	999	999
z4lbg_2__962	-0.19443247696212948	-0.21219939750353212	3600	B	1800	999	999
z4lbg_2__963	-0.6940211917668891	-0.10914550393542535	3600	B	1800	999	999
z4lbg_2__964	0.1264445961577708	-0.08869933298399647	3600	B	1800	999	999
z4lbg_2__965	-0.8581249060603278	0.10653282713962825	3600	B	1800	999	999
z4lbg_2__966	0.08251811905231428	-0.0068063077446286445	3600	B	1800	999	999
z4lbg_2__967	-0.08950462643668669	0.42690515322097955	3600	B	1800	999	999
z4lbg_2__968	0.21266338629688755	0.08700603146075216	3600	B	1800	999	999
z4lbg_2__969	-0.1910163187780681	-0.4064286128475338	3600	B	1800	999	999
z4lbg_2__970	-0.42773727620248153	0.281191880374431	3600	B	1800	999	999
z4lbg_2__971	-0.08251049716201102	0.42672131744470765	3600	B	1800	999	999
z4lbg_2__972	-0.14846938532600643	0.4678039696746003	3600	B	1800	999	999
z4lbg_2__973	-0.5138800323178828	-0.28505578887016436	3600	B	1800	999	999
z4lbg_2__974	-0.07539837199155658	0.28824437754523996	3600	B	1800	999	999
z4lbg_2__975	-0.20959976917256415	0.6205437355810316	3600	B	1800	999	999
z4lbg_2__976	-0.6851970455953127	0.3362008271496099	3600	B	1800	999	999
z4lbg_2__977	0.23779650097648658	0.5406747861832463	3600	B	1800	999	999
z4lbg_2__978	-0.14465894947062427	0.34751866472660925	3600	B	1800	999	999
z4lbg_2__979	-0.4928408257190079	-0.5293092955482281	3600	B	1800	999	999
z4lbg_2__980	0.34722531482231545	0.6971050292116301	3600	B	1800	999	999
z4lbg_2__981	0.357421467235764	0.9921940247577662	3600	B	1800	999	999
z4lbg_2__982	-0.856789693295809	-0.24929972360386993	3600	B	1800	999	999
z4lbg_2__983	-0.6580349827004991	0.3808895603556655	3600	B	1800	999	999
z4lbg_2__984	-0.25457134529252656	0.13447598929093116	3600	B	1800	999	999
z4lbg_2__985	-0.05729440516477084	0.12787551005330225	3600	B	1800	999	999
z4lbg_2__986	-0.4317517821750488	-0.50710705551024	3600	B	1800	999	999
z4lbg_2__987	-0.03661863007381455	0.7714696219815232	3600	B	1800	999	999
z4lbg_2__988	-0.022602942818754277	-0.17934684335248838	3600	B	1800	999	999
z4lbg_2__989	-0.4911326642470913	0.4599915862650935	3600	B	1800	999	999
z4lbg_2__990	-0.5236244024398276	0.3535802925328392	3600	B	1800	999	999
z4lbg_2__991	-0.9229222814733091	-0.3027039170530948	3600	B	1800	999	999
z4lbg_2__992	0.22760400936600236	0.11334825980606786	3600	B	1800	999	999
z4lbg_2__993	-0.07686000974676305	0.564408607755674	3600	B	1800	999	999
z4lbg_2__994	-0.5455056457022305	0.13256784783016615	3600	B	1800	999	999
z4lbg_2__995	-0.25171132996690726	0.09854729064641261	3600	B	1800	999	999
z4lbg_2__996	0.11020161295207603	0.46361321312287357	3600	B	1800	999	999
z4lbg_2__997	-0.022675509084700503	-0.20037706522895307	3600	B	1800	999	999
z4lbg_2__998	-0.028462276589342094	0.6542281601016872	3600	B	1800	999	999
z4lbg_2__999	-0.27291330471848557	-0.4214474493764616	3600	B	1800	999	999
z4lbg_2__1000	-0.5502744321595868	0.3400852996289016	3600	B	1800	999	999
