z4qso__0   28.662200 -6.44985 5400 B  1657 999 999 
z4qso__1   30.650739 -7.51276 5400 B  1657 999 999 
z4qso__2   31.097094 -5.83496 5400 B  1657 999 999 
z4qso__3   29.366502 -5.60304 5400 B  1657 999 999 
z4qso__4   30.444008 -5.83013 5400 B  1657 999 999 
z4qso__5   32.162728 -6.91078 5400 B  1657 999 999 
z4qso__6   31.917658 -7.05363 5400 B  1657 999 999 
z4qso__7   30.889007 -6.58901 5400 B  1657 999 999 
z4qso__8   31.114781 -6.15924 5400 B  1657 999 999 
z4qso__9   33.908752 -6.89422 5400 B  1657 999 999 
z4qso__10  34.432947 -6.12012 5400 B  1657 999 999 
z4qso__11  34.230317 -5.26396 5400 B  1657 999 999 
z4qso__12  33.732777 -6.93560 5400 B  1657 999 999 
z4qso__13  36.292110 -6.83177 5400 B  1657 999 999 
z4qso__14  36.693077 -6.70436 5400 B  1657 999 999 
z4qso__15  36.376504 -5.58186 5400 B  1657 999 999 
z4qso__16  40.175141 -6.86775 5400 B  1657 999 999 
z4qso__17  39.440878 -5.90051 5400 B  1657 999 999 
z4qso__18  39.479421 -7.13556 5400 B  1657 999 999 
z4qso__19  38.552600 -6.95729 5400 B  1657 999 999 
z4qso__20  39.564382 -6.78835 5400 B  1657 999 999 
z4qso__21  38.434885 -5.78782 5400 B  1657 999 999 
z4qso__22  29.504982 -5.14319 5400 B  1657 999 999 
z4qso__23  31.075406 -5.26141 5400 B  1657 999 999 
z4qso__24  30.646902 -5.50920 5400 B  1657 999 999 
z4qso__25  29.502808 -5.61558 5400 B  1657 999 999 
z4qso__26  31.430071 -4.21351 5400 B  1657 999 999 
z4qso__27  31.257740 -5.59039 5400 B  1657 999 999 
z4qso__28  32.850641 -5.18216 5400 B  1657 999 999 
z4qso__29  32.775372 -4.28139 5400 B  1657 999 999 
z4qso__30  33.221945 -4.60597 5400 B  1657 999 999 
z4qso__31  31.530060 -5.67591 5400 B  1657 999 999 
z4qso__32  34.389014 -4.84069 5400 B  1657 999 999 
z4qso__33  33.265273 -4.63222 5400 B  1657 999 999 
z4qso__34  35.543329 -5.03139 5400 B  1657 999 999 
z4qso__35  36.665069 -5.51524 5400 B  1657 999 999 
z4qso__36  36.777431 -5.36537 5400 B  1657 999 999 
z4qso__37  38.695202 -4.53417 5400 B  1657 999 999 
z4qso__38  38.606933 -4.94077 5400 B  1657 999 999 
z4qso__39  39.418846 -5.70742 5400 B  1657 999 999 
z4qso__40  39.117642 -5.05386 5400 B  1657 999 999 
z4qso__41  38.384723 -4.69372 5400 B  1657 999 999 
z4qso__42  39.811652 -4.76067 5400 B  1657 999 999 
z4qso__43  28.432793 -4.20042 5400 B  1657 999 999 
z4qso__44  29.972224 -3.04654 5400 B  1657 999 999 
z4qso__45  34.065134 -4.10326 5400 B  1657 999 999 
z4qso__46  33.451585 -4.70424 5400 B  1657 999 999 
z4qso__47  31.715703 -4.71484 5400 B  1657 999 999 
z4qso__48  31.188188 -2.50998 5400 B  1657 999 999 
z4qso__49  36.055066 -5.05206 5400 B  1657 999 999 
z4qso__50  35.415463 -3.36993 5400 B  1657 999 999 
z4qso__51  38.784275 -3.19711 5400 B  1657 999 999 
z4qso__52  38.252824 -4.58804 5400 B  1657 999 999 
z4qso__53  38.255053 -2.13324 5400 B  1657 999 999 
z4qso__54  39.805745 -4.47170 5400 B  1657 999 999 
z4qso__55  30.199467 -1.20351 5400 B  1657 999 999 
z4qso__56  30.645526 -2.14964 5400 B  1657 999 999 
z4qso__57  29.797114 -2.73529 5400 B  1657 999 999 
z4qso__58  30.712392 -2.60948 5400 B  1657 999 999 
z4qso__59  31.111408 -2.16791 5400 B  1657 999 999 
z4qso__60  30.776202 -2.74148 5400 B  1657 999 999 
z4qso__61  32.951502 -2.05146 5400 B  1657 999 999 
z4qso__62  33.254045 -1.38484 5400 B  1657 999 999 
z4qso__63  31.534266 -1.35212 5400 B  1657 999 999 
z4qso__64  32.718715 -1.66303 5400 B  1657 999 999 
z4qso__65  31.652309 -2.95420 5400 B  1657 999 999 
z4qso__66  34.994470 -2.13592 5400 B  1657 999 999 
z4qso__67  33.319362 -2.09834 5400 B  1657 999 999 
z4qso__68  33.566006 -2.76563 5400 B  1657 999 999 
z4qso__69  34.241544 -2.73781 5400 B  1657 999 999 
z4qso__70  35.860551 -2.66031 5400 B  1657 999 999 
z4qso__71  35.129153 -2.28524 5400 B  1657 999 999 
z4qso__72  34.364587 -1.62935 5400 B  1657 999 999 
z4qso__73  35.772359 -1.38511 5400 B  1657 999 999 
z4qso__74  38.293353 -0.98291 5400 B  1657 999 999 
z4qso__75  37.768885 -1.55019 5400 B  1657 999 999 
z4qso__76  135.043550 -1.42867 5400 B  1657 999 999 
z4qso__77  134.411484 -2.14246 5400 B  1657 999 999 
z4qso__78  136.143855 -2.28917 5400 B  1657 999 999 
z4qso__79  138.399822 -1.11239 5400 B  1657 999 999 
z4qso__80  140.327872 -1.43021 5400 B  1657 999 999 
z4qso__81  177.594251 -2.06410 5400 B  1657 999 999 
z4qso__82  178.144327 -1.24815 5400 B  1657 999 999 
z4qso__83  180.074002 -2.31690 5400 B  1657 999 999 
z4qso__84  178.392665 -2.26141 5400 B  1657 999 999 
z4qso__85  179.124468 -1.47458 5400 B  1657 999 999 
z4qso__86  180.825332 -0.85188 5400 B  1657 999 999 
z4qso__87  182.568142 -1.65652 5400 B  1657 999 999 
z4qso__88  182.404896 -1.85283 5400 B  1657 999 999 
z4qso__89  209.226891 -1.31590 5400 B  1657 999 999 
z4qso__90  212.827673 -1.28492 5400 B  1657 999 999 
z4qso__91  211.024495 -1.01991 5400 B  1657 999 999 
z4qso__92  211.611983 -1.88759 5400 B  1657 999 999 
z4qso__93  212.848425 -2.15510 5400 B  1657 999 999 
z4qso__94  215.173499 -2.49542 5400 B  1657 999 999 
z4qso__95  219.123462 -1.34689 5400 B  1657 999 999 
z4qso__96  219.560094 -1.89625 5400 B  1657 999 999 
z4qso__97  218.710897 -2.30381 5400 B  1657 999 999 
z4qso__98  219.231349 -1.00292 5400 B  1657 999 999 
z4qso__99  221.930111 -2.15646 5400 B  1657 999 999 
z4qso__100 224.380667 -2.68070 5400 B  1657 999 999 
z4qso__101 226.048769 -2.08985 5400 B  1657 999 999 
z4qso__102 225.053859 -2.30009 5400 B  1657 999 999 
z4qso__103 224.523828 -1.77987 5400 B  1657 999 999 
z4qso__104 223.896788 -2.44148 5400 B  1657 999 999 
z4qso__105 128.724158 -0.71874 5400 B  1657 999 999 
z4qso__106 129.273906 0.10783 5400 B  1657 999 999 
z4qso__107 130.145166 -1.14467 5400 B  1657 999 999 
z4qso__108 129.455277 -2.00235 5400 B  1657 999 999 
z4qso__109 131.611917 -1.03232 5400 B  1657 999 999 
z4qso__110 134.401704 -0.73055 5400 B  1657 999 999 
z4qso__111 135.188896 -0.65488 5400 B  1657 999 999 
z4qso__112 134.302616 -1.57314 5400 B  1657 999 999 
z4qso__113 136.178854 -0.88094 5400 B  1657 999 999 
z4qso__114 135.646458 -1.20811 5400 B  1657 999 999 
z4qso__115 138.220388 -2.09778 5400 B  1657 999 999 
z4qso__116 136.394005 -0.17218 5400 B  1657 999 999 
z4qso__117 137.043027 0.49773 5400 B  1657 999 999 
z4qso__118 137.668535 0.20473 5400 B  1657 999 999 
z4qso__119 139.247148 -0.64573 5400 B  1657 999 999 
z4qso__120 139.948552 -1.30955 5400 B  1657 999 999 
z4qso__121 139.368486 -0.91872 5400 B  1657 999 999 
z4qso__122 140.888883 -1.22383 5400 B  1657 999 999 
z4qso__123 176.965243 -0.21723 5400 B  1657 999 999 
z4qso__124 174.886173 0.08432 5400 B  1657 999 999 
z4qso__125 174.957307 -0.52928 5400 B  1657 999 999 
z4qso__126 177.630870 -1.85045 5400 B  1657 999 999 
z4qso__127 178.215944 -0.39805 5400 B  1657 999 999 
z4qso__128 179.414240 -1.99483 5400 B  1657 999 999 
z4qso__129 178.406930 -1.30793 5400 B  1657 999 999 
z4qso__130 178.024727 -0.47526 5400 B  1657 999 999 
z4qso__131 180.682663 -1.10528 5400 B  1657 999 999 
z4qso__132 182.323553 -1.30768 5400 B  1657 999 999 
z4qso__133 180.572617 -1.87487 5400 B  1657 999 999 
z4qso__134 180.124068 -0.95905 5400 B  1657 999 999 
z4qso__135 182.100632 -0.45822 5400 B  1657 999 999 
z4qso__136 182.225555 -1.30663 5400 B  1657 999 999 
z4qso__137 211.389351 -0.68385 5400 B  1657 999 999 
z4qso__138 211.143365 -0.69380 5400 B  1657 999 999 
z4qso__139 210.106837 -1.16364 5400 B  1657 999 999 
z4qso__140 209.472807 -0.24352 5400 B  1657 999 999 
z4qso__141 212.319716 -1.04811 5400 B  1657 999 999 
z4qso__142 211.863859 -1.36481 5400 B  1657 999 999 
z4qso__143 213.106669 0.31270 5400 B  1657 999 999 
z4qso__144 213.433018 0.57376 5400 B  1657 999 999 
z4qso__145 214.686056 -0.84960 5400 B  1657 999 999 
z4qso__146 214.263664 -0.84245 5400 B  1657 999 999 
z4qso__147 214.151381 -0.05739 5400 B  1657 999 999 
z4qso__148 214.289709 -1.40868 5400 B  1657 999 999 
z4qso__149 214.825185 0.18502 5400 B  1657 999 999 
z4qso__150 215.124651 -0.60931 5400 B  1657 999 999 
z4qso__151 216.479918 -1.51766 5400 B  1657 999 999 
z4qso__152 215.622956 -0.05084 5400 B  1657 999 999 
z4qso__153 215.903575 -0.30430 5400 B  1657 999 999 
z4qso__154 218.345851 0.48508 5400 B  1657 999 999 
z4qso__155 218.347835 -0.71627 5400 B  1657 999 999 
z4qso__156 217.487272 -1.55694 5400 B  1657 999 999 
z4qso__157 217.452400 -0.15261 5400 B  1657 999 999 
z4qso__158 220.994723 0.28827 5400 B  1657 999 999 
z4qso__159 221.727400 0.28666 5400 B  1657 999 999 
z4qso__160 223.022712 -1.89142 5400 B  1657 999 999 
z4qso__161 222.434997 -1.31585 5400 B  1657 999 999 
z4qso__162 221.873714 -1.04492 5400 B  1657 999 999 
z4qso__163 223.114151 -0.34779 5400 B  1657 999 999 
z4qso__164 222.237800 0.54260 5400 B  1657 999 999 
z4qso__165 224.476911 -1.34724 5400 B  1657 999 999 
z4qso__166 330.465363 0.07874 5400 B  1657 999 999 
z4qso__167 331.847499 -0.39604 5400 B  1657 999 999 
z4qso__168 334.964937 -0.84513 5400 B  1657 999 999 
z4qso__169 335.426134 -0.66692 5400 B  1657 999 999 
z4qso__170 334.013676 -2.08218 5400 B  1657 999 999 
z4qso__171 334.689293 -1.28749 5400 B  1657 999 999 
z4qso__172 335.783872 0.32609 5400 B  1657 999 999 
z4qso__173 335.099858 -1.23364 5400 B  1657 999 999 
z4qso__174 336.037374 -0.37680 5400 B  1657 999 999 
z4qso__175 336.962214 -0.77028 5400 B  1657 999 999 
z4qso__176 337.056147 -0.16760 5400 B  1657 999 999 
z4qso__177 339.613998 -1.03597 5400 B  1657 999 999 
z4qso__178 341.510612 -1.50593 5400 B  1657 999 999 
z4qso__179 129.353679 1.10409 5400 B  1657 999 999 
z4qso__180 128.798729 0.38132 5400 B  1657 999 999 
z4qso__181 128.173985 1.37584 5400 B  1657 999 999 
z4qso__182 129.246658 1.00568 5400 B  1657 999 999 
z4qso__183 132.389428 1.29172 5400 B  1657 999 999 
z4qso__184 135.987318 1.51562 5400 B  1657 999 999 
z4qso__185 133.708920 0.74594 5400 B  1657 999 999 
z4qso__186 136.403683 1.75334 5400 B  1657 999 999 
z4qso__187 138.933644 2.05280 5400 B  1657 999 999 
z4qso__188 138.578593 0.67174 5400 B  1657 999 999 
z4qso__189 176.219969 0.04502 5400 B  1657 999 999 
z4qso__190 175.756461 -0.63982 5400 B  1657 999 999 
z4qso__191 178.447057 1.06602 5400 B  1657 999 999 
z4qso__192 177.912059 1.79036 5400 B  1657 999 999 
z4qso__193 177.173308 -0.47634 5400 B  1657 999 999 
z4qso__194 176.939006 0.88337 5400 B  1657 999 999 
z4qso__195 179.790333 1.65883 5400 B  1657 999 999 
z4qso__196 178.347650 0.44242 5400 B  1657 999 999 
z4qso__197 178.926501 0.25535 5400 B  1657 999 999 
z4qso__198 180.138074 -0.11368 5400 B  1657 999 999 
z4qso__199 178.439839 0.51456 5400 B  1657 999 999 
z4qso__200 179.659581 -0.38431 5400 B  1657 999 999 
z4qso__201 180.682586 0.65812 5400 B  1657 999 999 
z4qso__202 181.035820 0.53182 5400 B  1657 999 999 
z4qso__203 181.489168 0.94288 5400 B  1657 999 999 
z4qso__204 180.336577 0.52119 5400 B  1657 999 999 
z4qso__205 180.623382 0.23468 5400 B  1657 999 999 
z4qso__206 180.705522 1.05649 5400 B  1657 999 999 
z4qso__207 179.659728 1.39104 5400 B  1657 999 999 
z4qso__208 182.002143 0.92691 5400 B  1657 999 999 
z4qso__209 183.177474 0.91060 5400 B  1657 999 999 
z4qso__210 211.842173 -0.16580 5400 B  1657 999 999 
z4qso__211 210.345707 1.13167 5400 B  1657 999 999 
z4qso__212 209.780328 0.37894 5400 B  1657 999 999 
z4qso__213 209.550121 -0.13054 5400 B  1657 999 999 
z4qso__214 212.054297 1.19417 5400 B  1657 999 999 
z4qso__215 212.459619 2.08101 5400 B  1657 999 999 
z4qso__216 210.828116 1.37269 5400 B  1657 999 999 
z4qso__217 213.141536 0.03580 5400 B  1657 999 999 
z4qso__218 214.196379 1.49579 5400 B  1657 999 999 
z4qso__219 213.296388 1.09458 5400 B  1657 999 999 
z4qso__220 213.661480 1.12544 5400 B  1657 999 999 
z4qso__221 213.080655 -0.15440 5400 B  1657 999 999 
z4qso__222 216.193445 0.33119 5400 B  1657 999 999 
z4qso__223 214.466685 1.34153 5400 B  1657 999 999 
z4qso__224 217.779829 1.83450 5400 B  1657 999 999 
z4qso__225 216.583468 -0.68089 5400 B  1657 999 999 
z4qso__226 217.639137 1.02546 5400 B  1657 999 999 
z4qso__227 217.390802 0.73695 5400 B  1657 999 999 
z4qso__228 217.022659 0.35312 5400 B  1657 999 999 
z4qso__229 220.106702 1.65554 5400 B  1657 999 999 
z4qso__230 220.476385 0.73553 5400 B  1657 999 999 
z4qso__231 218.157259 2.14900 5400 B  1657 999 999 
z4qso__232 218.527609 1.85974 5400 B  1657 999 999 
z4qso__233 221.434442 2.24472 5400 B  1657 999 999 
z4qso__234 220.492005 1.80046 5400 B  1657 999 999 
z4qso__235 221.392652 0.75032 5400 B  1657 999 999 
z4qso__236 219.448104 1.98510 5400 B  1657 999 999 
z4qso__237 221.959153 1.22329 5400 B  1657 999 999 
z4qso__238 223.888434 0.40543 5400 B  1657 999 999 
z4qso__239 223.578524 -0.06076 5400 B  1657 999 999 
z4qso__240 223.784228 1.42690 5400 B  1657 999 999 
z4qso__241 224.505812 2.00769 5400 B  1657 999 999 
z4qso__242 225.335960 1.02692 5400 B  1657 999 999 
z4qso__243 330.249103 0.71964 5400 B  1657 999 999 
z4qso__244 329.962492 1.82088 5400 B  1657 999 999 
z4qso__245 332.043396 0.18935 5400 B  1657 999 999 
z4qso__246 332.975667 1.18768 5400 B  1657 999 999 
z4qso__247 333.027428 0.03123 5400 B  1657 999 999 
z4qso__248 333.672724 0.78886 5400 B  1657 999 999 
z4qso__249 333.171147 1.92941 5400 B  1657 999 999 
z4qso__250 332.606147 0.68704 5400 B  1657 999 999 
z4qso__251 335.966220 1.07209 5400 B  1657 999 999 
z4qso__252 335.526561 0.01479 5400 B  1657 999 999 
z4qso__253 335.658018 0.31830 5400 B  1657 999 999 
z4qso__254 337.785774 0.37783 5400 B  1657 999 999 
z4qso__255 337.450804 1.80212 5400 B  1657 999 999 
z4qso__256 337.093556 1.13966 5400 B  1657 999 999 
z4qso__257 337.875211 1.18261 5400 B  1657 999 999 
z4qso__258 339.019694 0.72671 5400 B  1657 999 999 
z4qso__259 339.923834 0.47472 5400 B  1657 999 999 
z4qso__260 337.973551 1.02530 5400 B  1657 999 999 
z4qso__261 340.853657 0.60028 5400 B  1657 999 999 
z4qso__262 341.762179 1.15802 5400 B  1657 999 999 
z4qso__263 343.074116 -0.14808 5400 B  1657 999 999 
z4qso__264 342.589803 1.13635 5400 B  1657 999 999 
z4qso__265 342.353225 0.76178 5400 B  1657 999 999 
z4qso__266 344.545494 -0.65317 5400 B  1657 999 999 
z4qso__267 127.976286 1.04839 5400 B  1657 999 999 
z4qso__268 129.234744 1.20686 5400 B  1657 999 999 
z4qso__269 128.296573 1.17385 5400 B  1657 999 999 
z4qso__270 131.961534 1.35782 5400 B  1657 999 999 
z4qso__271 131.270960 2.35101 5400 B  1657 999 999 
z4qso__272 134.367868 3.11658 5400 B  1657 999 999 
z4qso__273 134.899941 2.91379 5400 B  1657 999 999 
z4qso__274 134.267377 2.66212 5400 B  1657 999 999 
z4qso__275 136.722476 1.72866 5400 B  1657 999 999 
z4qso__276 137.587261 2.25285 5400 B  1657 999 999 
z4qso__277 138.131723 2.64335 5400 B  1657 999 999 
z4qso__278 139.360637 2.12557 5400 B  1657 999 999 
z4qso__279 140.980709 2.14389 5400 B  1657 999 999 
z4qso__280 141.068706 2.48660 5400 B  1657 999 999 
z4qso__281 141.218724 2.06703 5400 B  1657 999 999 
z4qso__282 179.657729 1.07720 5400 B  1657 999 999 
z4qso__283 213.155159 2.43314 5400 B  1657 999 999 
z4qso__284 216.169256 1.19056 5400 B  1657 999 999 
z4qso__285 215.418571 1.62936 5400 B  1657 999 999 
z4qso__286 218.085427 1.49743 5400 B  1657 999 999 
z4qso__287 219.310000 1.40359 5400 B  1657 999 999 
z4qso__288 219.838284 0.89131 5400 B  1657 999 999 
z4qso__289 330.133517 1.39798 5400 B  1657 999 999 
z4qso__290 331.721525 2.13052 5400 B  1657 999 999 
z4qso__291 332.338603 3.28961 5400 B  1657 999 999 
z4qso__292 331.308519 1.58731 5400 B  1657 999 999 
z4qso__293 330.803658 2.22764 5400 B  1657 999 999 
z4qso__294 331.009026 1.55400 5400 B  1657 999 999 
z4qso__295 335.058674 2.05866 5400 B  1657 999 999 
z4qso__296 335.230013 1.22086 5400 B  1657 999 999 
z4qso__297 335.325912 1.85157 5400 B  1657 999 999 
z4qso__298 336.526762 0.95334 5400 B  1657 999 999 
z4qso__299 334.500782 3.56146 5400 B  1657 999 999 
z4qso__300 338.308787 2.87989 5400 B  1657 999 999 
z4qso__301 338.044350 1.55778 5400 B  1657 999 999 
z4qso__302 341.906896 1.28791 5400 B  1657 999 999 
z4qso__303 341.124367 2.45716 5400 B  1657 999 999 
z4qso__304 340.937315 1.04885 5400 B  1657 999 999 
z4qso__305 342.103054 2.09079 5400 B  1657 999 999 
z4qso__306 342.962350 2.81957 5400 B  1657 999 999 
z4qso__307 341.498830 1.48511 5400 B  1657 999 999 
z4qso__308 136.935076 6.24987 5400 B  1657 999 999 
z4qso__309 137.880377 4.00580 5400 B  1657 999 999 
z4qso__310 137.560806 3.81958 5400 B  1657 999 999 
z4qso__311 237.388379 43.77406 5400 B  1657 999 999 
z4qso__312 238.798675 41.54571 5400 B  1657 999 999 
z4qso__313 241.451931 42.21375 5400 B  1657 999 999 
z4qso__314 240.160765 42.14246 5400 B  1657 999 999 
z4qso__315 239.435309 42.43902 5400 B  1657 999 999 
z4qso__316 244.174225 42.13768 5400 B  1657 999 999 
z4qso__317 249.498190 43.30344 5400 B  1657 999 999 
z4qso__318 239.645666 44.22105 5400 B  1657 999 999 
z4qso__319 237.611572 43.52159 5400 B  1657 999 999 
z4qso__320 237.165197 44.41427 5400 B  1657 999 999 
z4qso__321 237.041856 44.19780 5400 B  1657 999 999 
z4qso__322 241.447363 44.29585 5400 B  1657 999 999 
z4qso__323 240.926821 44.09952 5400 B  1657 999 999 
z4qso__324 240.744968 44.40345 5400 B  1657 999 999 
z4qso__325 242.050313 44.21315 5400 B  1657 999 999 
z4qso__326 244.303414 44.19155 5400 B  1657 999 999 
z4qso__327 247.632458 45.23676 5400 B  1657 999 999 
z4qso__328 247.945976 44.81646 5400 B  1657 999 999 
z4qso__329 247.033166 45.43557 5400 B  1657 999 999 
z4qso__330 212.742182 52.74874 5400 B  1657 999 999 
z4qso__331 216.196708 51.79568 5400 B  1657 999 999 
z4qso__332 29.584896 -7.01971 5400 B  1657 999 999 
z4qso__333 30.505823 -6.70458 5400 B  1657 999 999 
z4qso__334 32.421326 -6.45438 5400 B  1657 999 999 
z4qso__335 33.955972 -5.84713 5400 B  1657 999 999 
z4qso__336 33.211854 -7.29768 5400 B  1657 999 999 
z4qso__337 33.358356 -5.51121 5400 B  1657 999 999 
z4qso__338 32.087754 -6.86357 5400 B  1657 999 999 
z4qso__339 35.077760 -5.91109 5400 B  1657 999 999 
z4qso__340 34.219397 -7.05801 5400 B  1657 999 999 
z4qso__341 35.791641 -5.97386 5400 B  1657 999 999 
z4qso__342 36.546448 -6.59650 5400 B  1657 999 999 
z4qso__343 40.076076 -6.67541 5400 B  1657 999 999 
z4qso__344 38.345706 -7.31732 5400 B  1657 999 999 
z4qso__345 37.359658 -5.89401 5400 B  1657 999 999 
z4qso__346 37.272828 -5.52509 5400 B  1657 999 999 
z4qso__347 39.327534 -7.29644 5400 B  1657 999 999 
z4qso__348 39.649805 -7.89116 5400 B  1657 999 999 
z4qso__349 29.108441 -5.48156 5400 B  1657 999 999 
z4qso__350 30.148339 -4.98770 5400 B  1657 999 999 
z4qso__351 33.667932 -5.02320 5400 B  1657 999 999 
z4qso__352 31.626706 -5.20305 5400 B  1657 999 999 
z4qso__353 33.239993 -5.09111 5400 B  1657 999 999 
z4qso__354 36.945585 -5.87891 5400 B  1657 999 999 
z4qso__355 40.222423 -5.24600 5400 B  1657 999 999 
z4qso__356 39.764689 -4.50036 5400 B  1657 999 999 
z4qso__357 39.599781 -4.92336 5400 B  1657 999 999 
z4qso__358 38.719665 -4.81778 5400 B  1657 999 999 
z4qso__359 38.977081 -5.58562 5400 B  1657 999 999 
z4qso__360 40.316490 -5.42992 5400 B  1657 999 999 
z4qso__361 29.354064 -3.09639 5400 B  1657 999 999 
z4qso__362 29.715523 -4.20313 5400 B  1657 999 999 
z4qso__363 31.886782 -3.94560 5400 B  1657 999 999 
z4qso__364 31.752462 -3.69976 5400 B  1657 999 999 
z4qso__365 31.000258 -2.89028 5400 B  1657 999 999 
z4qso__366 33.033241 -2.15381 5400 B  1657 999 999 
z4qso__367 32.016782 -3.70314 5400 B  1657 999 999 
z4qso__368 33.363369 -2.59050 5400 B  1657 999 999 
z4qso__369 32.937708 -3.89322 5400 B  1657 999 999 
z4qso__370 35.288572 -3.84564 5400 B  1657 999 999 
z4qso__371 35.932995 -3.38986 5400 B  1657 999 999 
z4qso__372 37.141131 -4.93126 5400 B  1657 999 999 
z4qso__373 36.179548 -4.37631 5400 B  1657 999 999 
z4qso__374 35.390294 -2.64627 5400 B  1657 999 999 
z4qso__375 35.480676 -3.73326 5400 B  1657 999 999 
z4qso__376 37.665778 -4.04968 5400 B  1657 999 999 
z4qso__377 37.414123 -3.37548 5400 B  1657 999 999 
z4qso__378 37.639591 -3.31896 5400 B  1657 999 999 
z4qso__379 37.995568 -5.02045 5400 B  1657 999 999 
z4qso__380 37.773794 -3.33682 5400 B  1657 999 999 
z4qso__381 29.659187 -1.34317 5400 B  1657 999 999 
z4qso__382 29.107868 -2.04590 5400 B  1657 999 999 
z4qso__383 30.058028 -1.67800 5400 B  1657 999 999 
z4qso__384 28.730882 -2.16396 5400 B  1657 999 999 
z4qso__385 30.674758 -3.48811 5400 B  1657 999 999 
z4qso__386 29.994231 -3.11516 5400 B  1657 999 999 
z4qso__387 33.337331 -2.80517 5400 B  1657 999 999 
z4qso__388 31.808238 -3.39903 5400 B  1657 999 999 
z4qso__389 35.430873 -2.59968 5400 B  1657 999 999 
z4qso__390 36.466447 -2.66040 5400 B  1657 999 999 
z4qso__391 35.313139 -3.01668 5400 B  1657 999 999 
z4qso__392 38.327061 -1.81221 5400 B  1657 999 999 
z4qso__393 37.871367 -2.57727 5400 B  1657 999 999 
z4qso__394 38.839967 -1.71999 5400 B  1657 999 999 
z4qso__395 38.332536 -1.78433 5400 B  1657 999 999 
z4qso__396 135.088534 -1.23717 5400 B  1657 999 999 
z4qso__397 136.140550 -1.41454 5400 B  1657 999 999 
z4qso__398 140.042708 -2.59652 5400 B  1657 999 999 
z4qso__399 139.440095 -1.13092 5400 B  1657 999 999 
z4qso__400 138.287590 -1.78563 5400 B  1657 999 999 
z4qso__401 140.564984 -2.14627 5400 B  1657 999 999 
z4qso__402 139.278921 -1.57610 5400 B  1657 999 999 
z4qso__403 177.099835 -1.79824 5400 B  1657 999 999 
z4qso__404 177.747452 -2.86695 5400 B  1657 999 999 
z4qso__405 178.221580 -1.53856 5400 B  1657 999 999 
z4qso__406 178.386595 -1.45162 5400 B  1657 999 999 
z4qso__407 181.221878 -2.11409 5400 B  1657 999 999 
z4qso__408 179.258154 -1.74909 5400 B  1657 999 999 
z4qso__409 179.136520 -1.03902 5400 B  1657 999 999 
z4qso__410 212.794209 -2.54151 5400 B  1657 999 999 
z4qso__411 212.530584 -1.49159 5400 B  1657 999 999 
z4qso__412 212.190551 -2.49712 5400 B  1657 999 999 
z4qso__413 212.732032 -1.64813 5400 B  1657 999 999 
z4qso__414 212.773667 -2.53884 5400 B  1657 999 999 
z4qso__415 214.084209 -1.56107 5400 B  1657 999 999 
z4qso__416 215.477221 -1.20099 5400 B  1657 999 999 
z4qso__417 216.770782 -0.95045 5400 B  1657 999 999 
z4qso__418 220.249783 -2.07964 5400 B  1657 999 999 
z4qso__419 222.887553 -1.62357 5400 B  1657 999 999 
z4qso__420 221.514177 -1.42670 5400 B  1657 999 999 
z4qso__421 221.498560 -0.99257 5400 B  1657 999 999 
z4qso__422 221.919400 -1.26437 5400 B  1657 999 999 
z4qso__423 220.462885 -1.68427 5400 B  1657 999 999 
z4qso__424 224.454929 -2.42061 5400 B  1657 999 999 
z4qso__425 224.250793 -2.67354 5400 B  1657 999 999 
z4qso__426 129.463323 -0.74737 5400 B  1657 999 999 
z4qso__427 129.580898 -1.00753 5400 B  1657 999 999 
z4qso__428 132.557340 -0.10730 5400 B  1657 999 999 
z4qso__429 131.739774 -0.40614 5400 B  1657 999 999 
z4qso__430 133.750115 -0.43637 5400 B  1657 999 999 
z4qso__431 134.740685 -1.53233 5400 B  1657 999 999 
z4qso__432 134.537642 -0.43826 5400 B  1657 999 999 
z4qso__433 136.112320 -2.18206 5400 B  1657 999 999 
z4qso__434 136.602462 -2.19252 5400 B  1657 999 999 
z4qso__435 139.114354 -1.94488 5400 B  1657 999 999 
z4qso__436 138.265123 -0.28944 5400 B  1657 999 999 
z4qso__437 140.299309 -0.73321 5400 B  1657 999 999 
z4qso__438 138.128347 -1.93209 5400 B  1657 999 999 
z4qso__439 140.992421 -0.64918 5400 B  1657 999 999 
z4qso__440 140.802545 -0.64907 5400 B  1657 999 999 
z4qso__441 139.360265 -1.73429 5400 B  1657 999 999 
z4qso__442 175.357825 -1.07611 5400 B  1657 999 999 
z4qso__443 176.388737 -1.44278 5400 B  1657 999 999 
z4qso__444 178.245291 -2.15926 5400 B  1657 999 999 
z4qso__445 178.084432 -1.69120 5400 B  1657 999 999 
z4qso__446 177.934197 -0.50182 5400 B  1657 999 999 
z4qso__447 179.132366 -1.88404 5400 B  1657 999 999 
z4qso__448 179.564747 -1.38262 5400 B  1657 999 999 
z4qso__449 178.415994 -0.40319 5400 B  1657 999 999 
z4qso__450 181.315515 -1.81201 5400 B  1657 999 999 
z4qso__451 181.994860 0.06428 5400 B  1657 999 999 
z4qso__452 182.266053 -1.53355 5400 B  1657 999 999 
z4qso__453 210.767197 -1.01909 5400 B  1657 999 999 
z4qso__454 211.690759 -0.66466 5400 B  1657 999 999 
z4qso__455 211.647016 0.02806 5400 B  1657 999 999 
z4qso__456 211.505495 0.19716 5400 B  1657 999 999 
z4qso__457 213.181011 -0.56237 5400 B  1657 999 999 
z4qso__458 213.324687 -0.72709 5400 B  1657 999 999 
z4qso__459 216.110862 -0.24478 5400 B  1657 999 999 
z4qso__460 215.854024 0.57438 5400 B  1657 999 999 
z4qso__461 215.268519 0.95021 5400 B  1657 999 999 
z4qso__462 214.444454 -0.25813 5400 B  1657 999 999 
z4qso__463 216.618904 -0.35806 5400 B  1657 999 999 
z4qso__464 217.672983 0.42427 5400 B  1657 999 999 
z4qso__465 218.935749 -1.18119 5400 B  1657 999 999 
z4qso__466 219.119034 0.85253 5400 B  1657 999 999 
z4qso__467 218.714603 -0.68699 5400 B  1657 999 999 
z4qso__468 218.785975 -1.64789 5400 B  1657 999 999 
z4qso__469 222.293954 -0.17621 5400 B  1657 999 999 
z4qso__470 222.231700 -0.85643 5400 B  1657 999 999 
z4qso__471 220.290921 -1.26350 5400 B  1657 999 999 
z4qso__472 220.860946 -1.16073 5400 B  1657 999 999 
z4qso__473 220.944264 -0.57209 5400 B  1657 999 999 
z4qso__474 220.846725 -1.51473 5400 B  1657 999 999 
z4qso__475 221.136606 -1.66781 5400 B  1657 999 999 
z4qso__476 221.298837 -1.08585 5400 B  1657 999 999 
z4qso__477 220.773661 -0.07122 5400 B  1657 999 999 
z4qso__478 224.756641 -2.12275 5400 B  1657 999 999 
z4qso__479 223.159675 -1.52864 5400 B  1657 999 999 
z4qso__480 224.442898 -0.84524 5400 B  1657 999 999 
z4qso__481 225.876008 -0.50317 5400 B  1657 999 999 
z4qso__482 329.664678 -0.48367 5400 B  1657 999 999 
z4qso__483 332.728056 -1.10250 5400 B  1657 999 999 
z4qso__484 334.626788 -1.49068 5400 B  1657 999 999 
z4qso__485 333.382956 -0.67433 5400 B  1657 999 999 
z4qso__486 333.609881 0.61354 5400 B  1657 999 999 
z4qso__487 333.647956 -0.23172 5400 B  1657 999 999 
z4qso__488 333.387618 -1.01374 5400 B  1657 999 999 
z4qso__489 336.387145 -1.07936 5400 B  1657 999 999 
z4qso__490 334.693347 -0.08965 5400 B  1657 999 999 
z4qso__491 339.136358 -1.01443 5400 B  1657 999 999 
z4qso__492 337.243137 -0.17481 5400 B  1657 999 999 
z4qso__493 338.247697 0.50644 5400 B  1657 999 999 
z4qso__494 339.266542 -0.90294 5400 B  1657 999 999 
z4qso__495 339.042499 -0.53679 5400 B  1657 999 999 
z4qso__496 341.902874 -1.17684 5400 B  1657 999 999 
z4qso__497 342.315954 -0.83481 5400 B  1657 999 999 
z4qso__498 342.476122 -0.95204 5400 B  1657 999 999 
z4qso__499 130.050441 1.67877 5400 B  1657 999 999 
z4qso__500 129.615369 1.63318 5400 B  1657 999 999 
z4qso__501 131.623064 0.59271 5400 B  1657 999 999 
z4qso__502 131.492270 1.18823 5400 B  1657 999 999 
z4qso__503 134.489250 1.04202 5400 B  1657 999 999 
z4qso__504 134.180334 1.87022 5400 B  1657 999 999 
z4qso__505 132.651831 0.37953 5400 B  1657 999 999 
z4qso__506 131.953874 0.62721 5400 B  1657 999 999 
z4qso__507 133.436421 0.88361 5400 B  1657 999 999 
z4qso__508 135.726359 2.12277 5400 B  1657 999 999 
z4qso__509 137.220419 0.18325 5400 B  1657 999 999 
z4qso__510 136.097918 0.62077 5400 B  1657 999 999 
z4qso__511 135.759559 0.47605 5400 B  1657 999 999 
z4qso__512 139.080478 1.33712 5400 B  1657 999 999 
z4qso__513 137.995389 1.01221 5400 B  1657 999 999 
z4qso__514 141.850522 0.59547 5400 B  1657 999 999 
z4qso__515 140.772372 0.65035 5400 B  1657 999 999 
z4qso__516 141.842560 0.15242 5400 B  1657 999 999 
z4qso__517 177.284091 0.22952 5400 B  1657 999 999 
z4qso__518 175.520001 1.12370 5400 B  1657 999 999 
z4qso__519 177.682988 1.78899 5400 B  1657 999 999 
z4qso__520 178.835503 0.07795 5400 B  1657 999 999 
z4qso__521 176.979216 -0.32341 5400 B  1657 999 999 
z4qso__522 178.089468 0.41192 5400 B  1657 999 999 
z4qso__523 178.976360 -0.36640 5400 B  1657 999 999 
z4qso__524 179.227675 0.32004 5400 B  1657 999 999 
z4qso__525 179.437382 2.22781 5400 B  1657 999 999 
z4qso__526 179.742468 -0.61680 5400 B  1657 999 999 
z4qso__527 181.977886 1.15241 5400 B  1657 999 999 
z4qso__528 180.995447 1.52712 5400 B  1657 999 999 
z4qso__529 182.241176 1.52727 5400 B  1657 999 999 
z4qso__530 183.246858 1.39356 5400 B  1657 999 999 
z4qso__531 181.803547 0.01208 5400 B  1657 999 999 
z4qso__532 209.925742 -0.42993 5400 B  1657 999 999 
z4qso__533 209.834252 0.81990 5400 B  1657 999 999 
z4qso__534 211.483715 -0.05309 5400 B  1657 999 999 
z4qso__535 211.842000 1.25792 5400 B  1657 999 999 
z4qso__536 213.483670 0.52566 5400 B  1657 999 999 
z4qso__537 213.109644 0.13611 5400 B  1657 999 999 
z4qso__538 213.497915 0.19714 5400 B  1657 999 999 
z4qso__539 213.344277 0.82828 5400 B  1657 999 999 
z4qso__540 213.189563 1.67579 5400 B  1657 999 999 
z4qso__541 214.567824 0.74522 5400 B  1657 999 999 
z4qso__542 214.215788 1.82143 5400 B  1657 999 999 
z4qso__543 215.295811 0.86107 5400 B  1657 999 999 
z4qso__544 216.604071 0.57937 5400 B  1657 999 999 
z4qso__545 215.576755 1.06464 5400 B  1657 999 999 
z4qso__546 218.646902 0.23869 5400 B  1657 999 999 
z4qso__547 217.436135 -0.25363 5400 B  1657 999 999 
z4qso__548 217.211915 0.92278 5400 B  1657 999 999 
z4qso__549 217.056684 1.06009 5400 B  1657 999 999 
z4qso__550 220.588515 1.69568 5400 B  1657 999 999 
z4qso__551 218.624867 1.67352 5400 B  1657 999 999 
z4qso__552 220.124857 0.46085 5400 B  1657 999 999 
z4qso__553 220.049231 2.27669 5400 B  1657 999 999 
z4qso__554 221.813290 1.72853 5400 B  1657 999 999 
z4qso__555 222.545326 1.44797 5400 B  1657 999 999 
z4qso__556 220.713447 0.67180 5400 B  1657 999 999 
z4qso__557 225.126568 0.87224 5400 B  1657 999 999 
z4qso__558 222.483966 1.28662 5400 B  1657 999 999 
z4qso__559 223.808765 -0.09253 5400 B  1657 999 999 
z4qso__560 225.535540 -0.22760 5400 B  1657 999 999 
z4qso__561 330.521989 1.35016 5400 B  1657 999 999 
z4qso__562 332.024281 0.76702 5400 B  1657 999 999 
z4qso__563 334.511806 1.39689 5400 B  1657 999 999 
z4qso__564 333.297294 1.20389 5400 B  1657 999 999 
z4qso__565 332.729239 0.09704 5400 B  1657 999 999 
z4qso__566 335.390117 -0.28836 5400 B  1657 999 999 
z4qso__567 335.388112 -0.32970 5400 B  1657 999 999 
z4qso__568 333.951546 1.45223 5400 B  1657 999 999 
z4qso__569 336.650600 0.16325 5400 B  1657 999 999 
z4qso__570 335.712746 -0.34838 5400 B  1657 999 999 
z4qso__571 335.301713 0.45825 5400 B  1657 999 999 
z4qso__572 335.832754 0.71816 5400 B  1657 999 999 
z4qso__573 337.617259 -0.02760 5400 B  1657 999 999 
z4qso__574 338.464700 -0.05804 5400 B  1657 999 999 
z4qso__575 338.380468 0.49822 5400 B  1657 999 999 
z4qso__576 337.912205 -0.00115 5400 B  1657 999 999 
z4qso__577 341.267019 1.54883 5400 B  1657 999 999 
z4qso__578 339.729882 0.58612 5400 B  1657 999 999 
z4qso__579 339.892827 1.25698 5400 B  1657 999 999 
z4qso__580 343.192683 0.11203 5400 B  1657 999 999 
z4qso__581 342.079945 0.98106 5400 B  1657 999 999 
z4qso__582 341.764647 -0.28935 5400 B  1657 999 999 
z4qso__583 341.392217 -0.10342 5400 B  1657 999 999 
z4qso__584 341.009183 1.43315 5400 B  1657 999 999 
z4qso__585 341.710015 0.34138 5400 B  1657 999 999 
z4qso__586 342.333033 0.48411 5400 B  1657 999 999 
z4qso__587 129.623491 2.30751 5400 B  1657 999 999 
z4qso__588 129.132651 1.70151 5400 B  1657 999 999 
z4qso__589 129.647031 1.19161 5400 B  1657 999 999 
z4qso__590 130.084481 1.99831 5400 B  1657 999 999 
z4qso__591 130.567959 1.69239 5400 B  1657 999 999 
z4qso__592 130.441204 1.46890 5400 B  1657 999 999 
z4qso__593 131.100644 2.08404 5400 B  1657 999 999 
z4qso__594 133.959169 1.23896 5400 B  1657 999 999 
z4qso__595 132.113863 2.97117 5400 B  1657 999 999 
z4qso__596 132.824300 2.99604 5400 B  1657 999 999 
z4qso__597 133.412898 2.88301 5400 B  1657 999 999 
z4qso__598 132.334072 2.94690 5400 B  1657 999 999 
z4qso__599 133.845938 1.52326 5400 B  1657 999 999 
z4qso__600 132.692101 2.74465 5400 B  1657 999 999 
z4qso__601 133.534121 1.40412 5400 B  1657 999 999 
z4qso__602 136.942130 2.94758 5400 B  1657 999 999 
z4qso__603 135.508130 1.16531 5400 B  1657 999 999 
z4qso__604 135.999475 2.26683 5400 B  1657 999 999 
z4qso__605 135.180917 2.77751 5400 B  1657 999 999 
z4qso__606 135.949637 2.31118 5400 B  1657 999 999 
z4qso__607 136.780061 1.97144 5400 B  1657 999 999 
z4qso__608 139.171302 2.05847 5400 B  1657 999 999 
z4qso__609 137.449270 1.88252 5400 B  1657 999 999 
z4qso__610 137.260511 1.21602 5400 B  1657 999 999 
z4qso__611 137.896288 1.42428 5400 B  1657 999 999 
z4qso__612 139.635663 1.73286 5400 B  1657 999 999 
z4qso__613 139.513517 2.25719 5400 B  1657 999 999 
z4qso__614 142.203847 1.44823 5400 B  1657 999 999 
z4qso__615 141.959750 2.25690 5400 B  1657 999 999 
z4qso__616 141.326702 1.89649 5400 B  1657 999 999 
z4qso__617 141.976821 2.14010 5400 B  1657 999 999 
z4qso__618 140.750031 0.82875 5400 B  1657 999 999 
z4qso__619 141.920044 3.12502 5400 B  1657 999 999 
z4qso__620 140.768523 0.99797 5400 B  1657 999 999 
z4qso__621 139.760262 2.14323 5400 B  1657 999 999 
z4qso__622 178.743684 1.59505 5400 B  1657 999 999 
z4qso__623 180.091382 2.68178 5400 B  1657 999 999 
z4qso__624 180.345243 1.08365 5400 B  1657 999 999 
z4qso__625 179.571224 1.25712 5400 B  1657 999 999 
z4qso__626 181.584553 3.18581 5400 B  1657 999 999 
z4qso__627 181.624469 1.89878 5400 B  1657 999 999 
z4qso__628 180.330579 2.58144 5400 B  1657 999 999 
z4qso__629 216.644165 2.85972 5400 B  1657 999 999 
z4qso__630 218.064080 2.10491 5400 B  1657 999 999 
z4qso__631 220.063325 2.07765 5400 B  1657 999 999 
z4qso__632 219.610316 1.47415 5400 B  1657 999 999 
z4qso__633 220.442747 1.74193 5400 B  1657 999 999 
z4qso__634 332.144196 1.88801 5400 B  1657 999 999 
z4qso__635 331.810940 1.68895 5400 B  1657 999 999 
z4qso__636 334.505880 2.43145 5400 B  1657 999 999 
z4qso__637 334.810808 1.79095 5400 B  1657 999 999 
z4qso__638 335.134616 1.64122 5400 B  1657 999 999 
z4qso__639 333.907720 2.66873 5400 B  1657 999 999 
z4qso__640 337.318365 1.51553 5400 B  1657 999 999 
z4qso__641 336.578216 2.41564 5400 B  1657 999 999 
z4qso__642 335.362055 2.38792 5400 B  1657 999 999 
z4qso__643 338.623318 3.46930 5400 B  1657 999 999 
z4qso__644 340.571613 3.09228 5400 B  1657 999 999 
z4qso__645 339.564742 2.69329 5400 B  1657 999 999 
z4qso__646 338.108405 2.55751 5400 B  1657 999 999 
z4qso__647 338.025181 1.99637 5400 B  1657 999 999 
z4qso__648 340.483182 0.84558 5400 B  1657 999 999 
z4qso__649 136.603441 3.74674 5400 B  1657 999 999 
z4qso__650 140.322175 3.94424 5400 B  1657 999 999 
z4qso__651 134.744029 5.25916 5400 B  1657 999 999 
z4qso__652 140.341187 5.18863 5400 B  1657 999 999 
z4qso__653 239.222420 42.73752 5400 B  1657 999 999 
z4qso__654 239.884790 41.51799 5400 B  1657 999 999 
z4qso__655 238.387534 41.97310 5400 B  1657 999 999 
z4qso__656 243.668420 42.00954 5400 B  1657 999 999 
z4qso__657 243.989197 42.56566 5400 B  1657 999 999 
z4qso__658 243.513358 42.93171 5400 B  1657 999 999 
z4qso__659 242.585080 42.61784 5400 B  1657 999 999 
z4qso__660 241.476508 42.35034 5400 B  1657 999 999 
z4qso__661 244.086167 42.67090 5400 B  1657 999 999 
z4qso__662 244.810081 41.98230 5400 B  1657 999 999 
z4qso__663 243.561211 42.55694 5400 B  1657 999 999 
z4qso__664 244.345934 42.66203 5400 B  1657 999 999 
z4qso__665 246.140635 42.40490 5400 B  1657 999 999 
z4qso__666 248.618909 42.08476 5400 B  1657 999 999 
z4qso__667 248.290700 43.45227 5400 B  1657 999 999 
z4qso__668 236.365296 45.05039 5400 B  1657 999 999 
z4qso__669 237.949795 44.44208 5400 B  1657 999 999 
z4qso__670 238.132249 43.80748 5400 B  1657 999 999 
z4qso__671 239.858232 45.25727 5400 B  1657 999 999 
z4qso__672 239.553053 43.90332 5400 B  1657 999 999 
z4qso__673 241.757187 43.79626 5400 B  1657 999 999 
z4qso__674 245.719246 43.94211 5400 B  1657 999 999 
z4qso__675 244.839597 43.88972 5400 B  1657 999 999 
z4qso__676 246.739288 43.63918 5400 B  1657 999 999 
z4qso__677 248.214133 43.58593 5400 B  1657 999 999 
z4qso__678 246.844855 43.10211 5400 B  1657 999 999 
z4qso__679 247.291218 43.18791 5400 B  1657 999 999 
z4qso__680 213.289262 52.43564 5400 B  1657 999 999 
z4qso__681 213.731831 52.60257 5400 B  1657 999 999 
z4qso__682 30.219634 -6.11094 5400 B  1657 999 999 
z4qso__683 29.275872 -7.09769 5400 B  1657 999 999 
z4qso__684 30.449174 -5.37397 5400 B  1657 999 999 
z4qso__685 29.295913 -6.97674 5400 B  1657 999 999 
z4qso__686 28.498988 -6.93047 5400 B  1657 999 999 
z4qso__687 30.131347 -5.25134 5400 B  1657 999 999 
z4qso__688 31.350602 -6.96590 5400 B  1657 999 999 
z4qso__689 32.655955 -6.94487 5400 B  1657 999 999 
z4qso__690 31.781886 -6.51549 5400 B  1657 999 999 
z4qso__691 32.415880 -6.53089 5400 B  1657 999 999 
z4qso__692 30.998172 -5.86326 5400 B  1657 999 999 
z4qso__693 31.049755 -7.07877 5400 B  1657 999 999 
z4qso__694 31.681649 -6.81424 5400 B  1657 999 999 
z4qso__695 30.248081 -7.61227 5400 B  1657 999 999 
z4qso__696 31.662640 -7.45416 5400 B  1657 999 999 
z4qso__697 31.358516 -5.33671 5400 B  1657 999 999 
z4qso__698 30.139168 -6.92955 5400 B  1657 999 999 
z4qso__699 29.942364 -7.50483 5400 B  1657 999 999 
z4qso__700 33.365160 -7.06996 5400 B  1657 999 999 
z4qso__701 33.713294 -5.12936 5400 B  1657 999 999 
z4qso__702 33.049830 -6.44552 5400 B  1657 999 999 
z4qso__703 33.566969 -7.15385 5400 B  1657 999 999 
z4qso__704 32.875166 -6.38106 5400 B  1657 999 999 
z4qso__705 33.593866 -6.27195 5400 B  1657 999 999 
z4qso__706 33.706063 -7.41179 5400 B  1657 999 999 
z4qso__707 32.101410 -6.41767 5400 B  1657 999 999 
z4qso__708 31.780665 -7.10530 5400 B  1657 999 999 
z4qso__709 32.658532 -6.23664 5400 B  1657 999 999 
z4qso__710 35.903347 -5.75514 5400 B  1657 999 999 
z4qso__711 35.552840 -6.86397 5400 B  1657 999 999 
z4qso__712 34.394142 -5.44070 5400 B  1657 999 999 
z4qso__713 35.202024 -5.76058 5400 B  1657 999 999 
z4qso__714 34.714424 -7.52605 5400 B  1657 999 999 
z4qso__715 34.343050 -6.33237 5400 B  1657 999 999 
z4qso__716 33.403963 -5.95086 5400 B  1657 999 999 
z4qso__717 34.289304 -7.79421 5400 B  1657 999 999 
z4qso__718 33.288871 -6.07083 5400 B  1657 999 999 
z4qso__719 32.737181 -7.45714 5400 B  1657 999 999 
z4qso__720 37.237091 -6.40003 5400 B  1657 999 999 
z4qso__721 35.893247 -6.89427 5400 B  1657 999 999 
z4qso__722 35.876170 -7.08671 5400 B  1657 999 999 
z4qso__723 36.739793 -7.82389 5400 B  1657 999 999 
z4qso__724 36.650124 -6.23116 5400 B  1657 999 999 
z4qso__725 35.196123 -6.09289 5400 B  1657 999 999 
z4qso__726 35.657970 -6.17727 5400 B  1657 999 999 
z4qso__727 35.541831 -7.34732 5400 B  1657 999 999 
z4qso__728 35.441172 -5.26546 5400 B  1657 999 999 
z4qso__729 34.554731 -5.53460 5400 B  1657 999 999 
z4qso__730 39.795912 -6.60475 5400 B  1657 999 999 
z4qso__731 39.025620 -7.28655 5400 B  1657 999 999 
z4qso__732 38.725900 -6.92834 5400 B  1657 999 999 
z4qso__733 39.573761 -7.67939 5400 B  1657 999 999 
z4qso__734 38.229028 -7.55195 5400 B  1657 999 999 
z4qso__735 38.057222 -5.19356 5400 B  1657 999 999 
z4qso__736 38.413145 -5.59001 5400 B  1657 999 999 
z4qso__737 39.007814 -6.90799 5400 B  1657 999 999 
z4qso__738 39.616140 -6.39488 5400 B  1657 999 999 
z4qso__739 39.554812 -6.35069 5400 B  1657 999 999 
z4qso__740 28.875296 -4.65456 5400 B  1657 999 999 
z4qso__741 27.903555 -5.50884 5400 B  1657 999 999 
z4qso__742 29.734500 -5.62412 5400 B  1657 999 999 
z4qso__743 28.967694 -4.16867 5400 B  1657 999 999 
z4qso__744 28.919502 -5.80697 5400 B  1657 999 999 
z4qso__745 28.524799 -5.70011 5400 B  1657 999 999 
z4qso__746 28.619401 -5.68429 5400 B  1657 999 999 
z4qso__747 31.825690 -4.91918 5400 B  1657 999 999 
z4qso__748 31.322143 -5.21745 5400 B  1657 999 999 
z4qso__749 31.137956 -4.32689 5400 B  1657 999 999 
z4qso__750 30.834386 -5.16667 5400 B  1657 999 999 
z4qso__751 31.230399 -4.99177 5400 B  1657 999 999 
z4qso__752 30.729992 -3.98575 5400 B  1657 999 999 
z4qso__753 31.764273 -3.62953 5400 B  1657 999 999 
z4qso__754 32.006920 -6.00823 5400 B  1657 999 999 
z4qso__755 30.892779 -5.37000 5400 B  1657 999 999 
z4qso__756 30.754700 -6.28995 5400 B  1657 999 999 
z4qso__757 30.047550 -4.15278 5400 B  1657 999 999 
z4qso__758 31.256636 -4.92105 5400 B  1657 999 999 
z4qso__759 33.963389 -4.13096 5400 B  1657 999 999 
z4qso__760 32.623139 -6.04171 5400 B  1657 999 999 
z4qso__761 32.923251 -6.24222 5400 B  1657 999 999 
z4qso__762 32.048593 -4.46277 5400 B  1657 999 999 
z4qso__763 33.215131 -5.53592 5400 B  1657 999 999 
z4qso__764 32.982392 -5.99115 5400 B  1657 999 999 
z4qso__765 32.633491 -4.54397 5400 B  1657 999 999 
z4qso__766 34.408495 -5.09308 5400 B  1657 999 999 
z4qso__767 35.591478 -6.24837 5400 B  1657 999 999 
z4qso__768 34.611565 -6.47841 5400 B  1657 999 999 
z4qso__769 34.726705 -5.35242 5400 B  1657 999 999 
z4qso__770 33.543848 -4.71751 5400 B  1657 999 999 
z4qso__771 37.211516 -5.56418 5400 B  1657 999 999 
z4qso__772 35.631680 -4.55195 5400 B  1657 999 999 
z4qso__773 36.747294 -5.11364 5400 B  1657 999 999 
z4qso__774 35.969443 -4.59846 5400 B  1657 999 999 
z4qso__775 35.554332 -5.97586 5400 B  1657 999 999 
z4qso__776 36.228009 -5.66424 5400 B  1657 999 999 
z4qso__777 35.523560 -4.09887 5400 B  1657 999 999 
z4qso__778 34.461700 -5.10159 5400 B  1657 999 999 
z4qso__779 38.183734 -5.82795 5400 B  1657 999 999 
z4qso__780 36.149149 -3.78166 5400 B  1657 999 999 
z4qso__781 37.651801 -5.02340 5400 B  1657 999 999 
z4qso__782 37.649190 -3.81883 5400 B  1657 999 999 
z4qso__783 37.324972 -5.54503 5400 B  1657 999 999 
z4qso__784 36.034400 -3.82609 5400 B  1657 999 999 
z4qso__785 39.392179 -5.82582 5400 B  1657 999 999 
z4qso__786 39.974352 -5.08511 5400 B  1657 999 999 
z4qso__787 38.539048 -5.04713 5400 B  1657 999 999 
z4qso__788 39.816506 -5.61765 5400 B  1657 999 999 
z4qso__789 38.589970 -3.81890 5400 B  1657 999 999 
z4qso__790 37.898845 -4.35668 5400 B  1657 999 999 
z4qso__791 38.549949 -6.10053 5400 B  1657 999 999 
z4qso__792 37.992199 -5.48859 5400 B  1657 999 999 
z4qso__793 40.674293 -5.48638 5400 B  1657 999 999 
z4qso__794 40.089324 -5.09978 5400 B  1657 999 999 
z4qso__795 39.288369 -4.69178 5400 B  1657 999 999 
z4qso__796 39.707708 -5.62249 5400 B  1657 999 999 
z4qso__797 29.939719 -3.27001 5400 B  1657 999 999 
z4qso__798 29.771699 -4.82302 5400 B  1657 999 999 
z4qso__799 30.202546 -3.37320 5400 B  1657 999 999 
z4qso__800 28.955086 -3.20162 5400 B  1657 999 999 
z4qso__801 28.921201 -3.22614 5400 B  1657 999 999 
z4qso__802 30.192494 -2.45948 5400 B  1657 999 999 
z4qso__803 29.397493 -3.82134 5400 B  1657 999 999 
z4qso__804 29.988539 -2.75261 5400 B  1657 999 999 
z4qso__805 32.631622 -4.17308 5400 B  1657 999 999 
z4qso__806 31.598572 -3.64010 5400 B  1657 999 999 
z4qso__807 32.340707 -3.63857 5400 B  1657 999 999 
z4qso__808 31.160572 -3.54183 5400 B  1657 999 999 
z4qso__809 31.836703 -4.04926 5400 B  1657 999 999 
z4qso__810 33.111190 -4.36260 5400 B  1657 999 999 
z4qso__811 32.465087 -4.82426 5400 B  1657 999 999 
z4qso__812 35.387702 -2.92755 5400 B  1657 999 999 
z4qso__813 34.589199 -4.06350 5400 B  1657 999 999 
z4qso__814 33.036029 -2.55301 5400 B  1657 999 999 
z4qso__815 34.627301 -4.52906 5400 B  1657 999 999 
z4qso__816 34.814406 -2.56591 5400 B  1657 999 999 
z4qso__817 36.996464 -4.07951 5400 B  1657 999 999 
z4qso__818 35.905596 -3.50793 5400 B  1657 999 999 
z4qso__819 35.240301 -3.58387 5400 B  1657 999 999 
z4qso__820 35.685404 -2.98250 5400 B  1657 999 999 
z4qso__821 36.118997 -4.47587 5400 B  1657 999 999 
z4qso__822 38.031212 -3.54306 5400 B  1657 999 999 
z4qso__823 37.273842 -3.53061 5400 B  1657 999 999 
z4qso__824 36.799314 -4.72758 5400 B  1657 999 999 
z4qso__825 38.384636 -3.60820 5400 B  1657 999 999 
z4qso__826 36.895885 -3.34959 5400 B  1657 999 999 
z4qso__827 37.678850 -3.05803 5400 B  1657 999 999 
z4qso__828 39.746182 -5.00903 5400 B  1657 999 999 
z4qso__829 38.106906 -4.24398 5400 B  1657 999 999 
z4qso__830 38.612811 -4.66826 5400 B  1657 999 999 
z4qso__831 29.922106 -3.47788 5400 B  1657 999 999 
z4qso__832 31.107579 -1.42043 5400 B  1657 999 999 
z4qso__833 31.003629 -3.05361 5400 B  1657 999 999 
z4qso__834 30.649836 -1.79138 5400 B  1657 999 999 
z4qso__835 30.223337 -0.97099 5400 B  1657 999 999 
z4qso__836 29.771929 -1.59915 5400 B  1657 999 999 
z4qso__837 30.454065 -2.58089 5400 B  1657 999 999 
z4qso__838 30.053567 -3.17643 5400 B  1657 999 999 
z4qso__839 30.125391 -2.28816 5400 B  1657 999 999 
z4qso__840 29.844798 -0.74977 5400 B  1657 999 999 
z4qso__841 28.610321 -1.80738 5400 B  1657 999 999 
z4qso__842 31.558545 -2.55372 5400 B  1657 999 999 
z4qso__843 32.753939 -2.01892 5400 B  1657 999 999 
z4qso__844 30.982990 -3.40436 5400 B  1657 999 999 
z4qso__845 30.519534 -2.72531 5400 B  1657 999 999 
z4qso__846 31.081924 -1.35546 5400 B  1657 999 999 
z4qso__847 31.688665 -1.95258 5400 B  1657 999 999 
z4qso__848 30.695864 -3.28639 5400 B  1657 999 999 
z4qso__849 31.453002 -2.32684 5400 B  1657 999 999 
z4qso__850 30.428604 -1.64984 5400 B  1657 999 999 
z4qso__851 30.229383 -1.58270 5400 B  1657 999 999 
z4qso__852 33.555520 -2.20346 5400 B  1657 999 999 
z4qso__853 33.681957 -2.62065 5400 B  1657 999 999 
z4qso__854 32.964434 -3.50122 5400 B  1657 999 999 
z4qso__855 34.973105 -2.42117 5400 B  1657 999 999 
z4qso__856 34.850762 -0.99218 5400 B  1657 999 999 
z4qso__857 34.789677 -2.21082 5400 B  1657 999 999 
z4qso__858 33.640858 -1.39336 5400 B  1657 999 999 
z4qso__859 33.543397 -2.58032 5400 B  1657 999 999 
z4qso__860 36.195152 -2.81962 5400 B  1657 999 999 
z4qso__861 36.469928 -2.03865 5400 B  1657 999 999 
z4qso__862 35.249668 -1.99188 5400 B  1657 999 999 
z4qso__863 36.254270 -2.42681 5400 B  1657 999 999 
z4qso__864 34.959829 -1.86432 5400 B  1657 999 999 
z4qso__865 36.241716 -2.46593 5400 B  1657 999 999 
z4qso__866 35.205567 -0.98527 5400 B  1657 999 999 
z4qso__867 35.986950 -1.26893 5400 B  1657 999 999 
z4qso__868 34.871235 -2.85551 5400 B  1657 999 999 
z4qso__869 35.259751 -2.76063 5400 B  1657 999 999 
z4qso__870 35.499601 -2.85670 5400 B  1657 999 999 
z4qso__871 35.097127 -1.34312 5400 B  1657 999 999 
z4qso__872 35.975933 -2.18921 5400 B  1657 999 999 
z4qso__873 35.923654 -1.17106 5400 B  1657 999 999 
z4qso__874 36.956776 -3.72049 5400 B  1657 999 999 
z4qso__875 38.164112 -2.24892 5400 B  1657 999 999 
z4qso__876 36.533490 -2.17335 5400 B  1657 999 999 
z4qso__877 37.281409 -2.05753 5400 B  1657 999 999 
z4qso__878 36.198255 -1.61478 5400 B  1657 999 999 
z4qso__879 36.812577 -1.13959 5400 B  1657 999 999 
z4qso__880 37.375621 -0.64832 5400 B  1657 999 999 
z4qso__881 39.395001 -1.69203 5400 B  1657 999 999 
z4qso__882 38.489241 -1.35055 5400 B  1657 999 999 
z4qso__883 38.014786 -1.76459 5400 B  1657 999 999 
z4qso__884 39.415993 -3.10861 5400 B  1657 999 999 
z4qso__885 38.304046 -1.68100 5400 B  1657 999 999 
z4qso__886 136.459365 -2.59574 5400 B  1657 999 999 
z4qso__887 135.461131 -1.67837 5400 B  1657 999 999 
z4qso__888 135.563625 -2.19475 5400 B  1657 999 999 
z4qso__889 135.257289 -2.22436 5400 B  1657 999 999 
z4qso__890 135.677855 -1.67877 5400 B  1657 999 999 
z4qso__891 133.894871 -1.18336 5400 B  1657 999 999 
z4qso__892 137.268854 -1.71980 5400 B  1657 999 999 
z4qso__893 136.846042 -3.10089 5400 B  1657 999 999 
z4qso__894 135.914774 -2.87556 5400 B  1657 999 999 
z4qso__895 136.488926 -2.02344 5400 B  1657 999 999 
z4qso__896 137.262704 -2.32918 5400 B  1657 999 999 
z4qso__897 138.890699 -2.33563 5400 B  1657 999 999 
z4qso__898 138.090713 -1.70149 5400 B  1657 999 999 
z4qso__899 139.595060 -1.55354 5400 B  1657 999 999 
z4qso__900 139.482210 -2.67082 5400 B  1657 999 999 
z4qso__901 138.490337 -2.10118 5400 B  1657 999 999 
z4qso__902 138.575395 -2.50579 5400 B  1657 999 999 
z4qso__903 139.181615 -0.71309 5400 B  1657 999 999 
z4qso__904 138.507501 -1.26890 5400 B  1657 999 999 
z4qso__905 138.105784 -2.54160 5400 B  1657 999 999 
z4qso__906 137.369802 -2.00681 5400 B  1657 999 999 
z4qso__907 139.597436 -1.38836 5400 B  1657 999 999 
z4qso__908 138.917499 -1.55534 5400 B  1657 999 999 
z4qso__909 139.855073 -1.86912 5400 B  1657 999 999 
z4qso__910 140.076543 -1.99875 5400 B  1657 999 999 
z4qso__911 178.412142 -2.87958 5400 B  1657 999 999 
z4qso__912 176.678157 -2.99204 5400 B  1657 999 999 
z4qso__913 178.047334 -2.71397 5400 B  1657 999 999 
z4qso__914 177.936981 -1.24930 5400 B  1657 999 999 
z4qso__915 176.212103 -1.98749 5400 B  1657 999 999 
z4qso__916 176.940065 -1.81052 5400 B  1657 999 999 
z4qso__917 177.131397 -1.11717 5400 B  1657 999 999 
z4qso__918 178.865302 -2.28165 5400 B  1657 999 999 
z4qso__919 178.476028 -1.03112 5400 B  1657 999 999 
z4qso__920 177.761931 -2.19181 5400 B  1657 999 999 
z4qso__921 178.827611 -2.69417 5400 B  1657 999 999 
z4qso__922 180.649716 -1.42146 5400 B  1657 999 999 
z4qso__923 178.701295 -2.75159 5400 B  1657 999 999 
z4qso__924 179.373055 -2.62712 5400 B  1657 999 999 
z4qso__925 178.755636 -1.50764 5400 B  1657 999 999 
z4qso__926 181.919578 -1.89370 5400 B  1657 999 999 
z4qso__927 181.679292 -2.04967 5400 B  1657 999 999 
z4qso__928 181.922946 -1.63220 5400 B  1657 999 999 
z4qso__929 182.730105 -1.67614 5400 B  1657 999 999 
z4qso__930 183.841438 -1.04009 5400 B  1657 999 999 
z4qso__931 181.554644 -2.18945 5400 B  1657 999 999 
z4qso__932 211.149555 -1.90777 5400 B  1657 999 999 
z4qso__933 210.063917 -1.97438 5400 B  1657 999 999 
z4qso__934 210.595106 -1.65151 5400 B  1657 999 999 
z4qso__935 209.315843 -0.86594 5400 B  1657 999 999 
z4qso__936 211.780349 -2.97266 5400 B  1657 999 999 
z4qso__937 211.185605 -2.08124 5400 B  1657 999 999 
z4qso__938 211.790662 -1.32048 5400 B  1657 999 999 
z4qso__939 212.033729 -2.63592 5400 B  1657 999 999 
z4qso__940 210.576872 -1.75645 5400 B  1657 999 999 
z4qso__941 210.792005 -0.81542 5400 B  1657 999 999 
z4qso__942 214.001243 -3.08902 5400 B  1657 999 999 
z4qso__943 213.562212 -1.91689 5400 B  1657 999 999 
z4qso__944 213.528086 -1.62005 5400 B  1657 999 999 
z4qso__945 212.946561 -3.17871 5400 B  1657 999 999 
z4qso__946 212.609566 -2.85386 5400 B  1657 999 999 
z4qso__947 213.743010 -1.24487 5400 B  1657 999 999 
z4qso__948 213.064741 -2.59959 5400 B  1657 999 999 
z4qso__949 212.681271 -2.08355 5400 B  1657 999 999 
z4qso__950 213.962094 -2.46352 5400 B  1657 999 999 
z4qso__951 214.926926 -2.67112 5400 B  1657 999 999 
z4qso__952 213.775762 -3.12477 5400 B  1657 999 999 
z4qso__953 213.703126 -2.88915 5400 B  1657 999 999 
z4qso__954 213.282912 -1.81776 5400 B  1657 999 999 
z4qso__955 215.992081 -1.76020 5400 B  1657 999 999 
z4qso__956 215.178629 -2.67868 5400 B  1657 999 999 
z4qso__957 215.053086 -2.13724 5400 B  1657 999 999 
z4qso__958 215.693275 -1.12864 5400 B  1657 999 999 
z4qso__959 214.575428 -1.63207 5400 B  1657 999 999 
z4qso__960 217.300590 -1.34506 5400 B  1657 999 999 
z4qso__961 216.625267 -0.93134 5400 B  1657 999 999 
z4qso__962 216.151406 -1.37750 5400 B  1657 999 999 
z4qso__963 219.396233 -1.73493 5400 B  1657 999 999 
z4qso__964 218.672034 -2.19654 5400 B  1657 999 999 
z4qso__965 218.501010 -1.99335 5400 B  1657 999 999 
z4qso__966 218.062485 -2.60402 5400 B  1657 999 999 
z4qso__967 220.488053 -2.65930 5400 B  1657 999 999 
z4qso__968 220.140928 -2.40626 5400 B  1657 999 999 
z4qso__969 219.617256 -2.46794 5400 B  1657 999 999 
z4qso__970 220.164885 -2.87458 5400 B  1657 999 999 
z4qso__971 221.282413 -2.82986 5400 B  1657 999 999 
z4qso__972 221.746277 -1.05496 5400 B  1657 999 999 
z4qso__973 221.688116 -2.11694 5400 B  1657 999 999 
z4qso__974 220.819414 -1.62635 5400 B  1657 999 999 
z4qso__975 223.759067 -2.05747 5400 B  1657 999 999 
z4qso__976 222.945127 -2.86257 5400 B  1657 999 999 
z4qso__977 221.909275 -1.04552 5400 B  1657 999 999 
z4qso__978 224.846002 -0.93365 5400 B  1657 999 999 
z4qso__979 225.868928 -1.03169 5400 B  1657 999 999 
z4qso__980 224.533239 -1.62079 5400 B  1657 999 999 
z4qso__981 224.272700 -2.81087 5400 B  1657 999 999 
z4qso__982 223.985656 -1.55024 5400 B  1657 999 999 
z4qso__983 224.458301 -1.77652 5400 B  1657 999 999 
z4qso__984 224.290943 -1.78680 5400 B  1657 999 999 
z4qso__985 223.458410 -1.21154 5400 B  1657 999 999 
z4qso__986 223.578727 -2.60688 5400 B  1657 999 999 
z4qso__987 330.627749 -1.41373 5400 B  1657 999 999 
z4qso__988 128.374745 -0.39200 5400 B  1657 999 999 
z4qso__989 129.405493 -1.22971 5400 B  1657 999 999 
z4qso__990 128.925524 -0.39321 5400 B  1657 999 999 
z4qso__991 130.919379 -1.17804 5400 B  1657 999 999 
z4qso__992 130.237579 -2.17723 5400 B  1657 999 999 
z4qso__993 130.954590 -1.37331 5400 B  1657 999 999 
z4qso__994 130.235739 -0.56015 5400 B  1657 999 999 
z4qso__995 130.730602 0.72438 5400 B  1657 999 999 
z4qso__996 130.425997 0.04615 5400 B  1657 999 999 
z4qso__997 129.388030 -0.09475 5400 B  1657 999 999 
z4qso__998 130.468462 -0.24761 5400 B  1657 999 999 
z4qso__999 130.485902 -0.09729 5400 B  1657 999 999 
z4qso__1000 132.787653 -0.37647 5400 B  1657 999 999 
z4qso__1001 132.920471 -0.44873 5400 B  1657 999 999 
z4qso__1002 132.583290 -1.32827 5400 B  1657 999 999 
z4qso__1003 132.314037 -0.77361 5400 B  1657 999 999 
z4qso__1004 133.283988 -1.22193 5400 B  1657 999 999 
z4qso__1005 134.335766 -0.39896 5400 B  1657 999 999 
z4qso__1006 133.547538 -1.49119 5400 B  1657 999 999 
z4qso__1007 136.385830 0.79822 5400 B  1657 999 999 
z4qso__1008 136.131225 -1.76676 5400 B  1657 999 999 
z4qso__1009 134.704185 -0.30868 5400 B  1657 999 999 
z4qso__1010 135.460844 -1.38729 5400 B  1657 999 999 
z4qso__1011 135.398608 0.31532 5400 B  1657 999 999 
z4qso__1012 134.552878 0.01319 5400 B  1657 999 999 
z4qso__1013 137.667166 -0.42109 5400 B  1657 999 999 
z4qso__1014 136.010892 -1.36060 5400 B  1657 999 999 
z4qso__1015 135.950013 -0.64047 5400 B  1657 999 999 
z4qso__1016 137.178687 -1.81921 5400 B  1657 999 999 
z4qso__1017 135.422213 -1.73199 5400 B  1657 999 999 
z4qso__1018 135.839242 -0.11973 5400 B  1657 999 999 
z4qso__1019 137.302427 -1.33418 5400 B  1657 999 999 
z4qso__1020 138.888374 0.41366 5400 B  1657 999 999 
z4qso__1021 137.133228 0.39419 5400 B  1657 999 999 
z4qso__1022 137.055561 -0.95760 5400 B  1657 999 999 
z4qso__1023 137.200483 -0.10968 5400 B  1657 999 999 
z4qso__1024 138.415078 -0.89553 5400 B  1657 999 999 
z4qso__1025 139.157450 -0.40141 5400 B  1657 999 999 
z4qso__1026 138.336166 -0.69234 5400 B  1657 999 999 
z4qso__1027 137.756609 -0.40386 5400 B  1657 999 999 
z4qso__1028 141.251254 -0.89043 5400 B  1657 999 999 
z4qso__1029 141.768114 -1.65498 5400 B  1657 999 999 
z4qso__1030 141.633304 -0.82950 5400 B  1657 999 999 
z4qso__1031 140.948610 -0.35671 5400 B  1657 999 999 
z4qso__1032 141.403208 -2.24243 5400 B  1657 999 999 
z4qso__1033 140.170388 0.38911 5400 B  1657 999 999 
z4qso__1034 140.578927 -0.55082 5400 B  1657 999 999 
z4qso__1035 139.719714 -0.98952 5400 B  1657 999 999 
z4qso__1036 141.091395 0.00423 5400 B  1657 999 999 
z4qso__1037 176.388407 -1.01856 5400 B  1657 999 999 
z4qso__1038 177.199410 -0.44840 5400 B  1657 999 999 
z4qso__1039 176.184634 -0.01895 5400 B  1657 999 999 
z4qso__1040 177.338020 0.43979 5400 B  1657 999 999 
z4qso__1041 176.907878 -0.19328 5400 B  1657 999 999 
z4qso__1042 175.806832 -0.92651 5400 B  1657 999 999 
z4qso__1043 175.837740 -1.60752 5400 B  1657 999 999 
z4qso__1044 178.670091 -0.61598 5400 B  1657 999 999 
z4qso__1045 178.231568 -1.18727 5400 B  1657 999 999 
z4qso__1046 178.345094 -0.21661 5400 B  1657 999 999 
z4qso__1047 177.212917 -0.63623 5400 B  1657 999 999 
z4qso__1048 179.129373 -1.23223 5400 B  1657 999 999 
z4qso__1049 179.323216 -1.38634 5400 B  1657 999 999 
z4qso__1050 178.843746 -0.67992 5400 B  1657 999 999 
z4qso__1051 178.353163 -1.64378 5400 B  1657 999 999 
z4qso__1052 179.661625 -0.40983 5400 B  1657 999 999 
z4qso__1053 180.889028 -0.90251 5400 B  1657 999 999 
z4qso__1054 180.281010 0.53439 5400 B  1657 999 999 
z4qso__1055 183.014927 -2.15975 5400 B  1657 999 999 
z4qso__1056 181.781217 0.15237 5400 B  1657 999 999 
z4qso__1057 211.185876 -0.80521 5400 B  1657 999 999 
z4qso__1058 211.283181 0.60460 5400 B  1657 999 999 
z4qso__1059 209.762011 -0.36100 5400 B  1657 999 999 
z4qso__1060 210.844051 -1.01743 5400 B  1657 999 999 
z4qso__1061 209.331295 -2.07594 5400 B  1657 999 999 
z4qso__1062 212.655916 -0.84733 5400 B  1657 999 999 
z4qso__1063 212.327725 -1.20795 5400 B  1657 999 999 
z4qso__1064 211.981344 0.14945 5400 B  1657 999 999 
z4qso__1065 214.604837 -0.31633 5400 B  1657 999 999 
z4qso__1066 213.144704 0.47506 5400 B  1657 999 999 
z4qso__1067 214.169754 -0.79609 5400 B  1657 999 999 
z4qso__1068 212.596828 -1.21682 5400 B  1657 999 999 
z4qso__1069 215.874071 0.01307 5400 B  1657 999 999 
z4qso__1070 214.858036 -1.76823 5400 B  1657 999 999 
z4qso__1071 213.824341 -1.14701 5400 B  1657 999 999 
z4qso__1072 216.543004 0.04845 5400 B  1657 999 999 
z4qso__1073 216.316221 -0.21893 5400 B  1657 999 999 
z4qso__1074 215.091212 -0.89003 5400 B  1657 999 999 
z4qso__1075 217.639366 -1.17942 5400 B  1657 999 999 
z4qso__1076 218.423241 -1.43272 5400 B  1657 999 999 
z4qso__1077 218.191195 -0.30262 5400 B  1657 999 999 
z4qso__1078 218.229342 -0.99027 5400 B  1657 999 999 
z4qso__1079 217.170720 -0.77614 5400 B  1657 999 999 
z4qso__1080 220.163625 -0.21799 5400 B  1657 999 999 
z4qso__1081 220.581042 -0.47021 5400 B  1657 999 999 
z4qso__1082 219.366865 -0.66015 5400 B  1657 999 999 
z4qso__1083 218.894718 -1.28985 5400 B  1657 999 999 
z4qso__1084 218.772757 0.40153 5400 B  1657 999 999 
z4qso__1085 219.196424 -1.39377 5400 B  1657 999 999 
z4qso__1086 219.023504 -0.49669 5400 B  1657 999 999 
z4qso__1087 220.508787 -0.61573 5400 B  1657 999 999 
z4qso__1088 219.931153 -0.91986 5400 B  1657 999 999 
z4qso__1089 220.421817 -1.22427 5400 B  1657 999 999 
z4qso__1090 221.088810 0.01339 5400 B  1657 999 999 
z4qso__1091 220.709285 -2.01134 5400 B  1657 999 999 
z4qso__1092 222.017049 0.79396 5400 B  1657 999 999 
z4qso__1093 223.473728 -0.90658 5400 B  1657 999 999 
z4qso__1094 223.188343 -1.73533 5400 B  1657 999 999 
z4qso__1095 223.826235 0.31975 5400 B  1657 999 999 
z4qso__1096 222.756469 -0.16964 5400 B  1657 999 999 
z4qso__1097 223.493293 -0.93742 5400 B  1657 999 999 
z4qso__1098 226.202830 0.50555 5400 B  1657 999 999 
z4qso__1099 225.461117 -1.22390 5400 B  1657 999 999 
z4qso__1100 224.587266 -1.63846 5400 B  1657 999 999 
z4qso__1101 225.184249 0.03697 5400 B  1657 999 999 
z4qso__1102 225.919827 -0.05549 5400 B  1657 999 999 
z4qso__1103 225.355546 0.93224 5400 B  1657 999 999 
z4qso__1104 330.868100 -1.03679 5400 B  1657 999 999 
z4qso__1105 331.004274 -2.04490 5400 B  1657 999 999 
z4qso__1106 329.829897 -0.58098 5400 B  1657 999 999 
z4qso__1107 330.506138 -0.37539 5400 B  1657 999 999 
z4qso__1108 330.809430 -0.51119 5400 B  1657 999 999 
z4qso__1109 330.481490 -1.27744 5400 B  1657 999 999 
z4qso__1110 330.597536 -0.22071 5400 B  1657 999 999 
z4qso__1111 330.255587 -0.93143 5400 B  1657 999 999 
z4qso__1112 331.739071 -2.24071 5400 B  1657 999 999 
z4qso__1113 331.550036 -1.69482 5400 B  1657 999 999 
z4qso__1114 333.397464 -0.05600 5400 B  1657 999 999 
z4qso__1115 333.884085 -0.78089 5400 B  1657 999 999 
z4qso__1116 333.932622 -0.82863 5400 B  1657 999 999 
z4qso__1117 332.771073 -0.61703 5400 B  1657 999 999 
z4qso__1118 334.437242 -0.28494 5400 B  1657 999 999 
z4qso__1119 334.528044 -0.69161 5400 B  1657 999 999 
z4qso__1120 334.217994 -0.20141 5400 B  1657 999 999 
z4qso__1121 332.401054 -0.14347 5400 B  1657 999 999 
z4qso__1122 333.395804 -1.15141 5400 B  1657 999 999 
z4qso__1123 332.531621 -0.25562 5400 B  1657 999 999 
z4qso__1124 332.451157 -1.88216 5400 B  1657 999 999 
z4qso__1125 334.935338 -0.57768 5400 B  1657 999 999 
z4qso__1126 335.877875 -0.59365 5400 B  1657 999 999 
z4qso__1127 334.216237 -2.22352 5400 B  1657 999 999 
z4qso__1128 334.256115 -0.03955 5400 B  1657 999 999 
z4qso__1129 335.333568 -0.96427 5400 B  1657 999 999 
z4qso__1130 334.307114 -1.48513 5400 B  1657 999 999 
z4qso__1131 335.272075 -1.89425 5400 B  1657 999 999 
z4qso__1132 334.249508 -1.58486 5400 B  1657 999 999 
z4qso__1133 334.421746 -0.81875 5400 B  1657 999 999 
z4qso__1134 334.009018 -0.96968 5400 B  1657 999 999 
z4qso__1135 334.736790 -1.80416 5400 B  1657 999 999 
z4qso__1136 337.284240 -0.14425 5400 B  1657 999 999 
z4qso__1137 336.133826 -2.31263 5400 B  1657 999 999 
z4qso__1138 335.234026 -0.70152 5400 B  1657 999 999 
z4qso__1139 337.987860 -0.84736 5400 B  1657 999 999 
z4qso__1140 336.753388 -0.95761 5400 B  1657 999 999 
z4qso__1141 342.190277 0.46440 5400 B  1657 999 999 
z4qso__1142 341.844921 -1.50306 5400 B  1657 999 999 
z4qso__1143 341.126310 0.66381 5400 B  1657 999 999 
z4qso__1144 339.308553 0.10406 5400 B  1657 999 999 
z4qso__1145 341.850467 -1.18119 5400 B  1657 999 999 
z4qso__1146 342.721213 0.23421 5400 B  1657 999 999 
z4qso__1147 129.237560 1.89169 5400 B  1657 999 999 
z4qso__1148 128.809500 -0.54129 5400 B  1657 999 999 
z4qso__1149 129.473603 1.11432 5400 B  1657 999 999 
z4qso__1150 128.991272 1.73791 5400 B  1657 999 999 
z4qso__1151 128.053546 -0.18862 5400 B  1657 999 999 
z4qso__1152 127.733363 0.22525 5400 B  1657 999 999 
z4qso__1153 128.539605 0.66089 5400 B  1657 999 999 
z4qso__1154 130.566744 0.64560 5400 B  1657 999 999 
z4qso__1155 131.094121 -0.25483 5400 B  1657 999 999 
z4qso__1156 130.600736 1.91682 5400 B  1657 999 999 
z4qso__1157 134.440980 0.25868 5400 B  1657 999 999 
z4qso__1158 133.460393 1.09442 5400 B  1657 999 999 
z4qso__1159 133.964399 1.73830 5400 B  1657 999 999 
z4qso__1160 132.000797 0.10711 5400 B  1657 999 999 
z4qso__1161 132.017128 0.14928 5400 B  1657 999 999 
z4qso__1162 135.277727 1.09725 5400 B  1657 999 999 
z4qso__1163 135.965516 1.62755 5400 B  1657 999 999 
z4qso__1164 134.571989 1.42892 5400 B  1657 999 999 
z4qso__1165 135.139614 1.18899 5400 B  1657 999 999 
z4qso__1166 134.932206 1.17814 5400 B  1657 999 999 
z4qso__1167 134.753838 1.92288 5400 B  1657 999 999 
z4qso__1168 135.764421 0.93438 5400 B  1657 999 999 
z4qso__1169 133.646840 1.13363 5400 B  1657 999 999 
z4qso__1170 135.761160 1.22057 5400 B  1657 999 999 
z4qso__1171 135.960578 0.51694 5400 B  1657 999 999 
z4qso__1172 135.857283 0.12095 5400 B  1657 999 999 
z4qso__1173 135.989724 0.16423 5400 B  1657 999 999 
z4qso__1174 135.138229 1.16501 5400 B  1657 999 999 
z4qso__1175 137.542789 -0.07992 5400 B  1657 999 999 
z4qso__1176 137.473219 1.84241 5400 B  1657 999 999 
z4qso__1177 138.063638 -0.30252 5400 B  1657 999 999 
z4qso__1178 139.589958 2.05724 5400 B  1657 999 999 
z4qso__1179 139.589803 0.42411 5400 B  1657 999 999 
z4qso__1180 139.538162 0.81754 5400 B  1657 999 999 
z4qso__1181 139.595895 1.09776 5400 B  1657 999 999 
z4qso__1182 140.687475 -0.16684 5400 B  1657 999 999 
z4qso__1183 142.291381 1.18387 5400 B  1657 999 999 
z4qso__1184 140.659461 -0.36611 5400 B  1657 999 999 
z4qso__1185 141.532151 1.11262 5400 B  1657 999 999 
z4qso__1186 141.041561 0.42519 5400 B  1657 999 999 
z4qso__1187 140.987295 0.81972 5400 B  1657 999 999 
z4qso__1188 141.108184 0.97352 5400 B  1657 999 999 
z4qso__1189 139.853449 0.60468 5400 B  1657 999 999 
z4qso__1190 140.726260 0.00992 5400 B  1657 999 999 
z4qso__1191 176.998810 1.19172 5400 B  1657 999 999 
z4qso__1192 176.691866 0.59441 5400 B  1657 999 999 
z4qso__1193 176.772606 -0.32781 5400 B  1657 999 999 
z4qso__1194 178.338446 -0.41479 5400 B  1657 999 999 
z4qso__1195 177.450876 1.28269 5400 B  1657 999 999 
z4qso__1196 177.833569 1.84427 5400 B  1657 999 999 
z4qso__1197 178.243490 0.63006 5400 B  1657 999 999 
z4qso__1198 179.956199 1.05700 5400 B  1657 999 999 
z4qso__1199 179.492292 1.05000 5400 B  1657 999 999 
z4qso__1200 179.400859 0.58149 5400 B  1657 999 999 
z4qso__1201 181.929894 0.58630 5400 B  1657 999 999 
z4qso__1202 180.171491 -0.21668 5400 B  1657 999 999 
z4qso__1203 181.375510 -0.07611 5400 B  1657 999 999 
z4qso__1204 179.688974 1.32367 5400 B  1657 999 999 
z4qso__1205 183.754405 0.89782 5400 B  1657 999 999 
z4qso__1206 183.273044 1.45509 5400 B  1657 999 999 
z4qso__1207 183.557083 1.79807 5400 B  1657 999 999 
z4qso__1208 183.392596 1.91852 5400 B  1657 999 999 
z4qso__1209 181.145425 0.09640 5400 B  1657 999 999 
z4qso__1210 183.732003 1.25604 5400 B  1657 999 999 
z4qso__1211 211.129177 1.09586 5400 B  1657 999 999 
z4qso__1212 210.097492 0.59075 5400 B  1657 999 999 
z4qso__1213 210.542744 0.44571 5400 B  1657 999 999 
z4qso__1214 210.037696 1.12777 5400 B  1657 999 999 
z4qso__1215 210.881614 1.40490 5400 B  1657 999 999 
z4qso__1216 209.414600 1.08103 5400 B  1657 999 999 
z4qso__1217 208.911046 2.22285 5400 B  1657 999 999 
z4qso__1218 213.352834 0.99632 5400 B  1657 999 999 
z4qso__1219 214.280600 1.03567 5400 B  1657 999 999 
z4qso__1220 212.555392 0.50000 5400 B  1657 999 999 
z4qso__1221 212.364033 1.59379 5400 B  1657 999 999 
z4qso__1222 212.782306 -0.21738 5400 B  1657 999 999 
z4qso__1223 211.794283 2.08749 5400 B  1657 999 999 
z4qso__1224 213.385220 1.67418 5400 B  1657 999 999 
z4qso__1225 213.897373 0.35857 5400 B  1657 999 999 
z4qso__1226 216.892402 -0.01607 5400 B  1657 999 999 
z4qso__1227 216.097309 0.53587 5400 B  1657 999 999 
z4qso__1228 218.426480 0.16572 5400 B  1657 999 999 
z4qso__1229 219.127393 1.53825 5400 B  1657 999 999 
z4qso__1230 218.828452 0.85170 5400 B  1657 999 999 
z4qso__1231 217.862911 0.54595 5400 B  1657 999 999 
z4qso__1232 218.360302 0.18257 5400 B  1657 999 999 
z4qso__1233 217.327799 2.12157 5400 B  1657 999 999 
z4qso__1234 217.020441 -0.56101 5400 B  1657 999 999 
z4qso__1235 220.460301 1.20103 5400 B  1657 999 999 
z4qso__1236 218.302382 1.19948 5400 B  1657 999 999 
z4qso__1237 219.485124 1.71331 5400 B  1657 999 999 
z4qso__1238 218.529391 -0.31571 5400 B  1657 999 999 
z4qso__1239 220.643778 0.74048 5400 B  1657 999 999 
z4qso__1240 220.325622 0.02305 5400 B  1657 999 999 
z4qso__1241 221.009198 0.32568 5400 B  1657 999 999 
z4qso__1242 222.934898 1.20785 5400 B  1657 999 999 
z4qso__1243 221.608655 -0.88791 5400 B  1657 999 999 
z4qso__1244 222.201268 1.25511 5400 B  1657 999 999 
z4qso__1245 226.722232 0.32224 5400 B  1657 999 999 
z4qso__1246 225.127405 0.85405 5400 B  1657 999 999 
z4qso__1247 226.105434 0.55183 5400 B  1657 999 999 
z4qso__1248 226.277706 0.40245 5400 B  1657 999 999 
z4qso__1249 225.268494 0.58073 5400 B  1657 999 999 
z4qso__1250 225.529268 0.73219 5400 B  1657 999 999 
z4qso__1251 226.069605 1.66110 5400 B  1657 999 999 
z4qso__1252 224.911326 1.24387 5400 B  1657 999 999 
z4qso__1253 225.190518 0.43773 5400 B  1657 999 999 
z4qso__1254 225.999179 0.62821 5400 B  1657 999 999 
z4qso__1255 330.369899 -0.08005 5400 B  1657 999 999 
z4qso__1256 330.655160 0.84039 5400 B  1657 999 999 
z4qso__1257 329.985501 1.40777 5400 B  1657 999 999 
z4qso__1258 331.348965 2.03055 5400 B  1657 999 999 
z4qso__1259 329.690660 -0.07960 5400 B  1657 999 999 
z4qso__1260 329.322208 1.69070 5400 B  1657 999 999 
z4qso__1261 332.222595 1.65153 5400 B  1657 999 999 
z4qso__1262 331.460994 1.31682 5400 B  1657 999 999 
z4qso__1263 330.928512 1.27031 5400 B  1657 999 999 
z4qso__1264 334.365579 0.96270 5400 B  1657 999 999 
z4qso__1265 334.648022 0.97201 5400 B  1657 999 999 
z4qso__1266 334.093018 0.74103 5400 B  1657 999 999 
z4qso__1267 333.625426 0.38791 5400 B  1657 999 999 
z4qso__1268 333.703845 -0.01176 5400 B  1657 999 999 
z4qso__1269 333.143463 0.48306 5400 B  1657 999 999 
z4qso__1270 333.283965 1.00635 5400 B  1657 999 999 
z4qso__1271 333.353849 1.00861 5400 B  1657 999 999 
z4qso__1272 331.920183 1.58962 5400 B  1657 999 999 
z4qso__1273 333.547598 1.21151 5400 B  1657 999 999 
z4qso__1274 332.218311 0.40816 5400 B  1657 999 999 
z4qso__1275 335.692413 0.85744 5400 B  1657 999 999 
z4qso__1276 334.411037 0.78383 5400 B  1657 999 999 
z4qso__1277 335.103910 1.73621 5400 B  1657 999 999 
z4qso__1278 334.417320 1.33094 5400 B  1657 999 999 
z4qso__1279 333.840667 0.81801 5400 B  1657 999 999 
z4qso__1280 335.285876 0.49646 5400 B  1657 999 999 
z4qso__1281 334.533769 1.21001 5400 B  1657 999 999 
z4qso__1282 337.463206 0.20892 5400 B  1657 999 999 
z4qso__1283 337.014072 0.54458 5400 B  1657 999 999 
z4qso__1284 334.966137 -0.07627 5400 B  1657 999 999 
z4qso__1285 338.237876 0.63656 5400 B  1657 999 999 
z4qso__1286 337.510275 0.81295 5400 B  1657 999 999 
z4qso__1287 337.244835 1.56467 5400 B  1657 999 999 
z4qso__1288 338.816164 1.19034 5400 B  1657 999 999 
z4qso__1289 337.725905 -0.24521 5400 B  1657 999 999 
z4qso__1290 338.697799 1.11501 5400 B  1657 999 999 
z4qso__1291 336.735257 1.19529 5400 B  1657 999 999 
z4qso__1292 336.563354 0.96335 5400 B  1657 999 999 
z4qso__1293 336.782218 -0.50625 5400 B  1657 999 999 
z4qso__1294 339.761236 0.62019 5400 B  1657 999 999 
z4qso__1295 338.656332 0.66168 5400 B  1657 999 999 
z4qso__1296 341.728479 0.83444 5400 B  1657 999 999 
z4qso__1297 341.540478 0.07702 5400 B  1657 999 999 
z4qso__1298 343.824245 0.86423 5400 B  1657 999 999 
z4qso__1299 343.290362 0.10016 5400 B  1657 999 999 
z4qso__1300 127.691916 2.08774 5400 B  1657 999 999 
z4qso__1301 128.770203 2.54102 5400 B  1657 999 999 
z4qso__1302 128.964809 1.01724 5400 B  1657 999 999 
z4qso__1303 127.727725 1.61372 5400 B  1657 999 999 
z4qso__1304 130.399784 2.12102 5400 B  1657 999 999 
z4qso__1305 129.669890 2.00258 5400 B  1657 999 999 
z4qso__1306 128.855692 1.74930 5400 B  1657 999 999 
z4qso__1307 129.690774 1.98215 5400 B  1657 999 999 
z4qso__1308 129.852619 2.98818 5400 B  1657 999 999 
z4qso__1309 134.077561 2.76464 5400 B  1657 999 999 
z4qso__1310 132.313298 2.14712 5400 B  1657 999 999 
z4qso__1311 132.255924 2.26380 5400 B  1657 999 999 
z4qso__1312 131.868494 1.27426 5400 B  1657 999 999 
z4qso__1313 131.706899 2.77550 5400 B  1657 999 999 
z4qso__1314 132.532719 2.07111 5400 B  1657 999 999 
z4qso__1315 134.927937 3.08329 5400 B  1657 999 999 
z4qso__1316 133.068884 2.16035 5400 B  1657 999 999 
z4qso__1317 134.886039 2.76680 5400 B  1657 999 999 
z4qso__1318 134.919463 3.44231 5400 B  1657 999 999 
z4qso__1319 134.246569 3.15992 5400 B  1657 999 999 
z4qso__1320 134.375097 1.09741 5400 B  1657 999 999 
z4qso__1321 134.016327 3.82516 5400 B  1657 999 999 
z4qso__1322 137.840139 0.54691 5400 B  1657 999 999 
z4qso__1323 139.802776 2.50491 5400 B  1657 999 999 
z4qso__1324 139.252206 1.43260 5400 B  1657 999 999 
z4qso__1325 139.249483 1.32917 5400 B  1657 999 999 
z4qso__1326 138.870450 1.27565 5400 B  1657 999 999 
z4qso__1327 142.211469 2.91168 5400 B  1657 999 999 
z4qso__1328 141.406310 3.04929 5400 B  1657 999 999 
z4qso__1329 142.476671 1.60655 5400 B  1657 999 999 
z4qso__1330 141.908948 3.40872 5400 B  1657 999 999 
z4qso__1331 141.771329 3.39846 5400 B  1657 999 999 
z4qso__1332 142.168403 1.84166 5400 B  1657 999 999 
z4qso__1333 142.116703 2.44939 5400 B  1657 999 999 
z4qso__1334 140.997952 2.97946 5400 B  1657 999 999 
z4qso__1335 141.759642 3.62211 5400 B  1657 999 999 
z4qso__1336 142.109066 1.61595 5400 B  1657 999 999 
z4qso__1337 141.728894 2.94907 5400 B  1657 999 999 
z4qso__1338 140.022968 0.93778 5400 B  1657 999 999 
z4qso__1339 139.930240 2.77989 5400 B  1657 999 999 
z4qso__1340 179.384381 1.95293 5400 B  1657 999 999 
z4qso__1341 182.588941 2.32046 5400 B  1657 999 999 
z4qso__1342 182.607457 1.51471 5400 B  1657 999 999 
z4qso__1343 181.898465 0.83004 5400 B  1657 999 999 
z4qso__1344 182.475766 2.40390 5400 B  1657 999 999 
z4qso__1345 182.269689 1.21397 5400 B  1657 999 999 
z4qso__1346 181.825291 2.67707 5400 B  1657 999 999 
z4qso__1347 214.767620 1.04922 5400 B  1657 999 999 
z4qso__1348 216.621774 1.05529 5400 B  1657 999 999 
z4qso__1349 216.239532 2.18477 5400 B  1657 999 999 
z4qso__1350 218.390549 2.74556 5400 B  1657 999 999 
z4qso__1351 219.410731 2.80571 5400 B  1657 999 999 
z4qso__1352 217.833158 1.54277 5400 B  1657 999 999 
z4qso__1353 218.783900 2.48793 5400 B  1657 999 999 
z4qso__1354 220.926977 1.89287 5400 B  1657 999 999 
z4qso__1355 220.568413 1.44614 5400 B  1657 999 999 
z4qso__1356 220.392478 1.67609 5400 B  1657 999 999 
z4qso__1357 219.037506 0.77568 5400 B  1657 999 999 
z4qso__1358 219.631028 2.72786 5400 B  1657 999 999 
z4qso__1359 220.292387 1.16122 5400 B  1657 999 999 
z4qso__1360 330.597826 2.67390 5400 B  1657 999 999 
z4qso__1361 331.001637 1.23989 5400 B  1657 999 999 
z4qso__1362 329.508163 2.22501 5400 B  1657 999 999 
z4qso__1363 331.017655 2.08101 5400 B  1657 999 999 
z4qso__1364 331.041415 2.22488 5400 B  1657 999 999 
z4qso__1365 330.072008 1.24325 5400 B  1657 999 999 
z4qso__1366 329.585087 0.78913 5400 B  1657 999 999 
z4qso__1367 330.725257 2.55889 5400 B  1657 999 999 
z4qso__1368 331.554106 2.86616 5400 B  1657 999 999 
z4qso__1369 334.417332 3.22746 5400 B  1657 999 999 
z4qso__1370 333.799149 2.55830 5400 B  1657 999 999 
z4qso__1371 334.367514 3.05863 5400 B  1657 999 999 
z4qso__1372 335.416053 2.27441 5400 B  1657 999 999 
z4qso__1373 334.262107 2.40153 5400 B  1657 999 999 
z4qso__1374 334.509550 1.92825 5400 B  1657 999 999 
z4qso__1375 334.963645 1.28211 5400 B  1657 999 999 
z4qso__1376 333.866609 3.06227 5400 B  1657 999 999 
z4qso__1377 334.951841 3.83010 5400 B  1657 999 999 
z4qso__1378 336.147821 2.75879 5400 B  1657 999 999 
z4qso__1379 335.425422 1.10396 5400 B  1657 999 999 
z4qso__1380 334.909045 3.59754 5400 B  1657 999 999 
z4qso__1381 335.474189 2.09066 5400 B  1657 999 999 
z4qso__1382 338.927862 2.36699 5400 B  1657 999 999 
z4qso__1383 338.280007 2.68741 5400 B  1657 999 999 
z4qso__1384 337.801707 3.38840 5400 B  1657 999 999 
z4qso__1385 337.288447 2.09691 5400 B  1657 999 999 
z4qso__1386 339.576900 0.64016 5400 B  1657 999 999 
z4qso__1387 338.822665 1.88261 5400 B  1657 999 999 
z4qso__1388 337.792213 2.52721 5400 B  1657 999 999 
z4qso__1389 339.047840 1.89573 5400 B  1657 999 999 
z4qso__1390 338.215386 2.56198 5400 B  1657 999 999 
z4qso__1391 341.631025 1.78327 5400 B  1657 999 999 
z4qso__1392 341.623421 3.12008 5400 B  1657 999 999 
z4qso__1393 339.865410 2.05022 5400 B  1657 999 999 
z4qso__1394 341.794255 2.31033 5400 B  1657 999 999 
z4qso__1395 131.244376 2.88619 5400 B  1657 999 999 
z4qso__1396 131.382826 3.13003 5400 B  1657 999 999 
z4qso__1397 135.613244 3.43044 5400 B  1657 999 999 
z4qso__1398 134.794667 4.85888 5400 B  1657 999 999 
z4qso__1399 136.568260 2.23829 5400 B  1657 999 999 
z4qso__1400 139.745916 4.05882 5400 B  1657 999 999 
z4qso__1401 139.092122 3.84794 5400 B  1657 999 999 
z4qso__1402 141.102890 5.12676 5400 B  1657 999 999 
z4qso__1403 139.985670 3.93894 5400 B  1657 999 999 
z4qso__1404 141.836809 2.64549 5400 B  1657 999 999 
z4qso__1405 331.037422 2.08939 5400 B  1657 999 999 
z4qso__1406 336.002557 2.21620 5400 B  1657 999 999 
z4qso__1407 137.041343 4.74313 5400 B  1657 999 999 
z4qso__1408 136.490017 6.12454 5400 B  1657 999 999 
z4qso__1409 136.278106 4.64744 5400 B  1657 999 999 
z4qso__1410 135.656585 4.94749 5400 B  1657 999 999 
z4qso__1411 134.850020 4.35733 5400 B  1657 999 999 
z4qso__1412 134.117059 3.87489 5400 B  1657 999 999 
z4qso__1413 134.739602 3.96629 5400 B  1657 999 999 
z4qso__1414 135.690253 5.48069 5400 B  1657 999 999 
z4qso__1415 139.383196 5.14062 5400 B  1657 999 999 
z4qso__1416 137.926866 4.20423 5400 B  1657 999 999 
z4qso__1417 139.296376 6.15237 5400 B  1657 999 999 
z4qso__1418 138.409359 4.71073 5400 B  1657 999 999 
z4qso__1419 140.858538 5.44858 5400 B  1657 999 999 
z4qso__1420 139.529265 5.41356 5400 B  1657 999 999 
z4qso__1421 139.801873 5.78997 5400 B  1657 999 999 
z4qso__1422 140.270437 4.87452 5400 B  1657 999 999 
z4qso__1423 140.645041 3.85152 5400 B  1657 999 999 
z4qso__1424 142.332829 4.05490 5400 B  1657 999 999 
z4qso__1425 141.870083 5.29045 5400 B  1657 999 999 
z4qso__1426 141.651908 4.87775 5400 B  1657 999 999 
z4qso__1427 141.558556 5.84063 5400 B  1657 999 999 
z4qso__1428 238.609482 42.62376 5400 B  1657 999 999 
z4qso__1429 236.969991 42.63312 5400 B  1657 999 999 
z4qso__1430 236.662827 42.23003 5400 B  1657 999 999 
z4qso__1431 237.323015 42.80358 5400 B  1657 999 999 
z4qso__1432 237.595041 42.96336 5400 B  1657 999 999 
z4qso__1433 236.413949 41.61358 5400 B  1657 999 999 
z4qso__1434 235.069714 42.89059 5400 B  1657 999 999 
z4qso__1435 240.413906 43.20896 5400 B  1657 999 999 
z4qso__1436 238.767945 41.28298 5400 B  1657 999 999 
z4qso__1437 239.858702 42.45867 5400 B  1657 999 999 
z4qso__1438 238.187780 42.89770 5400 B  1657 999 999 
z4qso__1439 237.176476 42.31381 5400 B  1657 999 999 
z4qso__1440 238.556622 43.83207 5400 B  1657 999 999 
z4qso__1441 241.920648 42.65308 5400 B  1657 999 999 
z4qso__1442 241.064788 41.70639 5400 B  1657 999 999 
z4qso__1443 239.551054 43.39198 5400 B  1657 999 999 
z4qso__1444 244.520483 42.79578 5400 B  1657 999 999 
z4qso__1445 242.925945 41.18758 5400 B  1657 999 999 
z4qso__1446 242.650853 42.87984 5400 B  1657 999 999 
z4qso__1447 244.181090 43.73818 5400 B  1657 999 999 
z4qso__1448 243.762871 43.46727 5400 B  1657 999 999 
z4qso__1449 243.465423 42.48629 5400 B  1657 999 999 
z4qso__1450 242.201493 42.85274 5400 B  1657 999 999 
z4qso__1451 244.957409 43.35491 5400 B  1657 999 999 
z4qso__1452 245.321900 42.18958 5400 B  1657 999 999 
z4qso__1453 246.013083 43.59118 5400 B  1657 999 999 
z4qso__1454 244.506862 41.53836 5400 B  1657 999 999 
z4qso__1455 243.939147 41.14052 5400 B  1657 999 999 
z4qso__1456 245.047386 42.36341 5400 B  1657 999 999 
z4qso__1457 244.456013 42.47269 5400 B  1657 999 999 
z4qso__1458 244.270575 41.84683 5400 B  1657 999 999 
z4qso__1459 243.738484 41.46542 5400 B  1657 999 999 
z4qso__1460 242.960504 43.03691 5400 B  1657 999 999 
z4qso__1461 248.600392 42.95442 5400 B  1657 999 999 
z4qso__1462 249.061513 42.59238 5400 B  1657 999 999 
z4qso__1463 249.052448 42.09886 5400 B  1657 999 999 
z4qso__1464 249.555825 43.43612 5400 B  1657 999 999 
z4qso__1465 248.983803 43.24650 5400 B  1657 999 999 
z4qso__1466 247.000230 42.62637 5400 B  1657 999 999 
z4qso__1467 237.059138 42.48502 5400 B  1657 999 999 
z4qso__1468 239.439666 44.22584 5400 B  1657 999 999 
z4qso__1469 237.521356 43.38696 5400 B  1657 999 999 
z4qso__1470 237.182433 44.21811 5400 B  1657 999 999 
z4qso__1471 236.726440 44.56471 5400 B  1657 999 999 
z4qso__1472 237.261056 45.44499 5400 B  1657 999 999 
z4qso__1473 240.016181 43.26087 5400 B  1657 999 999 
z4qso__1474 241.290118 44.19933 5400 B  1657 999 999 
z4qso__1475 240.942691 43.70537 5400 B  1657 999 999 
z4qso__1476 241.390216 43.62144 5400 B  1657 999 999 
z4qso__1477 239.494691 43.66204 5400 B  1657 999 999 
z4qso__1478 239.399867 43.29101 5400 B  1657 999 999 
z4qso__1479 240.169819 44.42133 5400 B  1657 999 999 
z4qso__1480 239.880296 43.62841 5400 B  1657 999 999 
z4qso__1481 238.735079 44.75591 5400 B  1657 999 999 
z4qso__1482 239.636753 42.96998 5400 B  1657 999 999 
z4qso__1483 242.563714 44.24242 5400 B  1657 999 999 
z4qso__1484 241.591838 43.02326 5400 B  1657 999 999 
z4qso__1485 242.460341 43.91251 5400 B  1657 999 999 
z4qso__1486 240.744973 44.22452 5400 B  1657 999 999 
z4qso__1487 241.353807 44.81802 5400 B  1657 999 999 
z4qso__1488 240.451502 45.59361 5400 B  1657 999 999 
z4qso__1489 244.303773 43.98534 5400 B  1657 999 999 
z4qso__1490 244.946920 44.24727 5400 B  1657 999 999 
z4qso__1491 243.370650 42.75576 5400 B  1657 999 999 
z4qso__1492 247.465995 44.76591 5400 B  1657 999 999 
z4qso__1493 246.401544 45.43951 5400 B  1657 999 999 
z4qso__1494 246.373883 44.88268 5400 B  1657 999 999 
z4qso__1495 245.159529 42.47668 5400 B  1657 999 999 
z4qso__1496 246.105108 43.81097 5400 B  1657 999 999 
z4qso__1497 246.164658 44.25981 5400 B  1657 999 999 
z4qso__1498 245.439474 42.94916 5400 B  1657 999 999 
z4qso__1499 244.767526 43.33944 5400 B  1657 999 999 
z4qso__1500 249.563011 44.38310 5400 B  1657 999 999 
z4qso__1501 248.037191 45.01038 5400 B  1657 999 999 
z4qso__1502 247.527139 44.07998 5400 B  1657 999 999 
z4qso__1503 247.833039 44.68512 5400 B  1657 999 999 
z4qso__1504 247.206972 43.90803 5400 B  1657 999 999 
z4qso__1505 247.982055 44.22997 5400 B  1657 999 999 
z4qso__1506 247.755304 43.44578 5400 B  1657 999 999 
z4qso__1507 244.919989 45.46650 5400 B  1657 999 999 
z4qso__1508 246.905169 44.20966 5400 B  1657 999 999 
z4qso__1509 246.729711 44.87574 5400 B  1657 999 999 
z4qso__1510 214.624306 51.82910 5400 B  1657 999 999 
z4qso__1511 214.578970 51.66584 5400 B  1657 999 999 
z4qso__1512 214.698929 51.84307 5400 B  1657 999 999 
z4qso__1513 213.356305 52.23570 5400 B  1657 999 999 
z4qso__1514 214.183067 53.01139 5400 B  1657 999 999 
z4qso__1515 214.931752 52.66622 5400 B  1657 999 999 
z4qso__1516 28.731118 -6.93339 5400 B  1657 999 999 
z4qso__1517 30.547996 -6.56644 5400 B  1657 999 999 
z4qso__1518 29.289148 -5.52814 5400 B  1657 999 999 
z4qso__1519 33.034966 -5.59660 5400 B  1657 999 999 
z4qso__1520 35.358178 -5.32320 5400 B  1657 999 999 
z4qso__1521 35.663493 -6.39628 5400 B  1657 999 999 
z4qso__1522 36.018173 -6.91187 5400 B  1657 999 999 
z4qso__1523 38.723926 -7.63334 5400 B  1657 999 999 
z4qso__1524 39.065556 -6.81372 5400 B  1657 999 999 
z4qso__1525 29.485119 -5.13365 5400 B  1657 999 999 
z4qso__1526 36.349441 -4.78427 5400 B  1657 999 999 
z4qso__1527 35.261543 -5.47613 5400 B  1657 999 999 
z4qso__1528 29.246796 -3.81901 5400 B  1657 999 999 
z4qso__1529 27.823508 -2.81118 5400 B  1657 999 999 
z4qso__1530 29.946411 -3.98025 5400 B  1657 999 999 
z4qso__1531 29.437728 -3.81130 5400 B  1657 999 999 
z4qso__1532 28.582374 -3.70225 5400 B  1657 999 999 
z4qso__1533 39.169981 -3.79660 5400 B  1657 999 999 
z4qso__1534 33.225394 -2.58148 5400 B  1657 999 999 
z4qso__1535 34.425946 -1.62397 5400 B  1657 999 999 
z4qso__1536 35.311938 -2.52581 5400 B  1657 999 999 
z4qso__1537 37.905965 -2.66853 5400 B  1657 999 999 
z4qso__1538 38.106919 -2.56500 5400 B  1657 999 999 
z4qso__1539 38.557409 -3.25813 5400 B  1657 999 999 
z4qso__1540 140.085608 -0.87512 5400 B  1657 999 999 
z4qso__1541 177.817798 -1.92376 5400 B  1657 999 999 
z4qso__1542 176.223667 -1.70731 5400 B  1657 999 999 
z4qso__1543 178.103115 -2.57038 5400 B  1657 999 999 
z4qso__1544 178.445626 -2.60433 5400 B  1657 999 999 
z4qso__1545 181.299769 -2.07959 5400 B  1657 999 999 
z4qso__1546 182.370926 -2.60935 5400 B  1657 999 999 
z4qso__1547 182.002036 -1.61953 5400 B  1657 999 999 
z4qso__1548 182.390950 -1.05231 5400 B  1657 999 999 
z4qso__1549 211.591490 -2.85377 5400 B  1657 999 999 
z4qso__1550 210.615500 -1.60812 5400 B  1657 999 999 
z4qso__1551 213.479802 -1.33603 5400 B  1657 999 999 
z4qso__1552 215.946237 -2.12482 5400 B  1657 999 999 
z4qso__1553 217.985636 -2.15853 5400 B  1657 999 999 
z4qso__1554 217.776676 -2.84092 5400 B  1657 999 999 
z4qso__1555 220.129151 -1.52422 5400 B  1657 999 999 
z4qso__1556 221.831432 -3.36241 5400 B  1657 999 999 
z4qso__1557 222.817048 -2.55367 5400 B  1657 999 999 
z4qso__1558 223.775924 -1.50111 5400 B  1657 999 999 
z4qso__1559 222.499293 -1.09333 5400 B  1657 999 999 
z4qso__1560 224.198971 -1.81019 5400 B  1657 999 999 
z4qso__1561 224.567680 -2.01503 5400 B  1657 999 999 
z4qso__1562 225.026677 -1.80819 5400 B  1657 999 999 
z4qso__1563 224.252498 -2.61834 5400 B  1657 999 999 
z4qso__1564 225.169337 -2.43717 5400 B  1657 999 999 
z4qso__1565 141.877398 0.14193 5400 B  1657 999 999 
z4qso__1566 176.819637 -0.21613 5400 B  1657 999 999 
z4qso__1567 182.970885 -1.43312 5400 B  1657 999 999 
z4qso__1568 209.413015 -1.53323 5400 B  1657 999 999 
z4qso__1569 212.417907 0.09910 5400 B  1657 999 999 
z4qso__1570 215.806519 -1.39895 5400 B  1657 999 999 
z4qso__1571 220.667147 -1.73127 5400 B  1657 999 999 
z4qso__1572 224.290799 -1.12183 5400 B  1657 999 999 
z4qso__1573 225.906739 -1.22384 5400 B  1657 999 999 
z4qso__1574 224.147833 -2.25612 5400 B  1657 999 999 
z4qso__1575 331.372355 -1.09480 5400 B  1657 999 999 
z4qso__1576 330.799060 -0.59252 5400 B  1657 999 999 
z4qso__1577 334.162138 -1.89069 5400 B  1657 999 999 
z4qso__1578 333.690165 0.10716 5400 B  1657 999 999 
z4qso__1579 334.502363 -0.71578 5400 B  1657 999 999 
z4qso__1580 333.235863 -0.59356 5400 B  1657 999 999 
z4qso__1581 333.247513 -1.52950 5400 B  1657 999 999 
z4qso__1582 334.533448 -1.02274 5400 B  1657 999 999 
z4qso__1583 335.304675 -0.70970 5400 B  1657 999 999 
z4qso__1584 333.753026 -0.48517 5400 B  1657 999 999 
z4qso__1585 336.990312 -0.92475 5400 B  1657 999 999 
z4qso__1586 336.596217 -0.98187 5400 B  1657 999 999 
z4qso__1587 334.741726 -2.25335 5400 B  1657 999 999 
z4qso__1588 339.257637 -1.73029 5400 B  1657 999 999 
z4qso__1589 337.720386 -0.76946 5400 B  1657 999 999 
z4qso__1590 341.556129 -1.76206 5400 B  1657 999 999 
z4qso__1591 340.892179 -1.32608 5400 B  1657 999 999 
z4qso__1592 342.875024 0.10023 5400 B  1657 999 999 
z4qso__1593 343.948231 0.78857 5400 B  1657 999 999 
z4qso__1594 129.432681 0.89127 5400 B  1657 999 999 
z4qso__1595 128.550713 1.44546 5400 B  1657 999 999 
z4qso__1596 141.883702 1.07334 5400 B  1657 999 999 
z4qso__1597 141.264818 0.31614 5400 B  1657 999 999 
z4qso__1598 141.529147 0.39309 5400 B  1657 999 999 
z4qso__1599 141.510541 1.43168 5400 B  1657 999 999 
z4qso__1600 177.272204 0.06335 5400 B  1657 999 999 
z4qso__1601 211.008964 0.12302 5400 B  1657 999 999 
z4qso__1602 211.779872 0.37175 5400 B  1657 999 999 
z4qso__1603 212.833706 0.55507 5400 B  1657 999 999 
z4qso__1604 217.426220 0.87459 5400 B  1657 999 999 
z4qso__1605 221.204908 0.99481 5400 B  1657 999 999 
z4qso__1606 222.509888 1.64112 5400 B  1657 999 999 
z4qso__1607 224.428427 0.74822 5400 B  1657 999 999 
z4qso__1608 224.474688 1.52386 5400 B  1657 999 999 
z4qso__1609 225.660500 0.28199 5400 B  1657 999 999 
z4qso__1610 331.173829 1.18115 5400 B  1657 999 999 
z4qso__1611 333.872524 -0.57503 5400 B  1657 999 999 
z4qso__1612 335.050879 0.82020 5400 B  1657 999 999 
z4qso__1613 338.027489 2.11672 5400 B  1657 999 999 
z4qso__1614 338.461721 1.48655 5400 B  1657 999 999 
z4qso__1615 341.881117 0.39611 5400 B  1657 999 999 
z4qso__1616 340.229917 1.29892 5400 B  1657 999 999 
z4qso__1617 342.508534 0.36953 5400 B  1657 999 999 
z4qso__1618 129.622338 1.91044 5400 B  1657 999 999 
z4qso__1619 129.015998 3.53057 5400 B  1657 999 999 
z4qso__1620 133.446382 2.94860 5400 B  1657 999 999 
z4qso__1621 134.682090 1.96369 5400 B  1657 999 999 
z4qso__1622 141.113046 1.11627 5400 B  1657 999 999 
z4qso__1623 139.359279 2.47996 5400 B  1657 999 999 
z4qso__1624 140.947741 2.63399 5400 B  1657 999 999 
z4qso__1625 140.955434 2.67972 5400 B  1657 999 999 
z4qso__1626 180.604048 2.51544 5400 B  1657 999 999 
z4qso__1627 181.889410 0.98923 5400 B  1657 999 999 
z4qso__1628 183.135291 2.17265 5400 B  1657 999 999 
z4qso__1629 213.698802 0.90148 5400 B  1657 999 999 
z4qso__1630 216.476531 1.79581 5400 B  1657 999 999 
z4qso__1631 217.401704 2.79286 5400 B  1657 999 999 
z4qso__1632 219.528428 1.91775 5400 B  1657 999 999 
z4qso__1633 331.422764 3.35578 5400 B  1657 999 999 
z4qso__1634 333.976770 1.91987 5400 B  1657 999 999 
z4qso__1635 335.001302 2.20235 5400 B  1657 999 999 
z4qso__1636 334.241892 1.78223 5400 B  1657 999 999 
z4qso__1637 336.709917 2.22473 5400 B  1657 999 999 
z4qso__1638 336.881946 2.73842 5400 B  1657 999 999 
z4qso__1639 337.458915 2.19345 5400 B  1657 999 999 
z4qso__1640 337.296547 1.69122 5400 B  1657 999 999 
z4qso__1641 337.187980 2.16287 5400 B  1657 999 999 
z4qso__1642 336.902942 2.01859 5400 B  1657 999 999 
z4qso__1643 338.861121 1.68195 5400 B  1657 999 999 
z4qso__1644 342.592836 1.75438 5400 B  1657 999 999 
z4qso__1645 342.362002 1.27670 5400 B  1657 999 999 
z4qso__1646 138.313028 3.91810 5400 B  1657 999 999 
z4qso__1647 338.079216 3.64705 5400 B  1657 999 999 
z4qso__1648 137.901372 5.12282 5400 B  1657 999 999 
z4qso__1649 138.480948 5.86121 5400 B  1657 999 999 
z4qso__1650 138.754656 6.03313 5400 B  1657 999 999 
z4qso__1651 140.181580 5.09784 5400 B  1657 999 999 
z4qso__1652 141.786879 4.95969 5400 B  1657 999 999 
z4qso__1653 140.629329 3.91859 5400 B  1657 999 999 
z4qso__1654 239.329341 40.92498 5400 B  1657 999 999 
z4qso__1655 238.961513 43.97016 5400 B  1657 999 999 
z4qso__1656 213.312026 51.98923 5400 B  1657 999 999 
